[0, 12640, 0, 9189]
[1, 12640, 0, 9353]
[2, 12640, 0, 9354]
[3, 12640, 0, 9354]
[4, 12640, 0, 9354]
[5, 12640, 0, 9354]
[6, 12640, 0, 9190]
[7, 12640, 0, 9190]
[8, 12640, 0, 9190]
[9, 12640, 0, 9190]
[10, 12640, 0, 9190]
[11, 12640, 0, 9190]
[12, 12640, 0, 9190]
[13, 12640, 0, 9190]
[14, 12640, 0, 9190]
[15, 12640, 0, 9190]
[16, 12640, 0, 9190]
[17, 12640, 0, 9190]
[18, 12640, 0, 9190]
[19, 12640, 0, 9190]
[20, 12640, 0, 9190]
[21, 12640, 0, 9189]
[22, 12640, 0, 9190]
[23, 12640, 0, 9190]
[24, 12640, 0, 9190]
[25, 12640, 0, 9189]
[26, 12640, 0, 9189]
[27, 12640, 0, 9190]
[28, 12640, 0, 9190]
[29, 12640, 0, 9189]
[30, 12640, 0, 9189]
[31, 12640, 0, 9190]
[32, 12640, 0, 9190]
[33, 12640, 0, 9189]
[34, 12640, 0, 9189]
[35, 12640, 0, 9190]
[36, 12640, 0, 9190]
[37, 12640, 0, 9189]
[38, 12640, 0, 9189]
[39, 12640, 0, 9190]
[40, 12640, 0, 9190]
[41, 12640, 0, 9189]
[42, 12640, 0, 9189]
[43, 12640, 0, 9190]
[44, 12640, 0, 9189]
[45, 12640, 0, 9189]
[46, 12640, 0, 9230]
[47, 12640, 0, 9190]
[48, 12640, 0, 9190]
[49, 12640, 0, 9189]
[50, 12640, 0, 9230]
[51, 12640, 0, 9190]
[52, 12640, 0, 9189]
[53, 12640, 0, 9229]
[54, 12640, 0, 9190]
[55, 12640, 0, 9190]
[56, 12640, 0, 9189]
[57, 12640, 0, 9229]
[58, 12640, 0, 9190]
[59, 12640, 0, 9190]
[60, 12640, 0, 9189]
[61, 12640, 0, 9229]
[62, 12640, 0, 9190]
[63, 12640, 0, 9190]
[64, 12640, 0, 9189]
[65, 12640, 0, 9189]
[66, 12640, 0, 9190]
[67, 12640, 0, 9190]
[68, 12640, 0, 9189]
[69, 12640, 0, 9190]
[70, 12640, 0, 9190]
[71, 12640, 0, 9189]
[72, 12640, 0, 9229]
[73, 12640, 0, 9229]
[74, 12640, 0, 9190]
[75, 12640, 0, 9190]
[76, 12640, 0, 9230]
[77, 12640, 0, 9190]
[78, 12640, 0, 9190]
[79, 12640, 0, 9190]
[80, 12640, 0, 9190]
[81, 12640, 0, 9190]
[82, 12640, 0, 9190]
[83, 12640, 0, 9190]
[84, 12640, 0, 9190]
[85, 12640, 0, 9190]
[86, 12640, 0, 9190]
[87, 12640, 0, 9190]
[88, 12640, 0, 9190]
[89, 12640, 0, 9190]
[90, 12640, 0, 9190]
[91, 12640, 0, 9190]
[92, 12640, 0, 9190]
[93, 12640, 0, 9230]
[94, 12640, 0, 9230]
[95, 12640, 0, 9230]
[96, 12640, 0, 9230]
[97, 12640, 0, 9230]
[98, 12640, 0, 9230]
[99, 12640, 0, 9230]
[100, 12640, 0, 9230]
[101, 12640, 0, 9190]
[102, 12640, 0, 9190]
[103, 12640, 0, 9190]
[104, 12640, 0, 9190]
[105, 12640, 0, 9190]
[106, 12640, 0, 9190]
[107, 12640, 0, 9190]
[108, 12640, 0, 9190]
[109, 12640, 0, 9230]
[110, 12640, 0, 9230]
[111, 12640, 0, 9230]
[112, 12640, 0, 9230]
[113, 12640, 0, 9230]
[114, 12640, 0, 9230]
[115, 12640, 0, 9230]
[116, 12640, 0, 9394]
[117, 12640, 0, 9394]
[118, 12640, 0, 9394]
[119, 12640, 0, 9394]
[120, 12640, 0, 9394]
[121, 12640, 0, 9394]
[122, 12640, 0, 9394]
[123, 12640, 0, 9394]
[124, 12640, 0, 9394]
[125, 12640, 0, 9394]
[126, 12640, 0, 9394]
[127, 12640, 0, 9394]
[128, 12640, 0, 9394]
[129, 12640, 0, 9394]
[130, 12640, 0, 9394]
[131, 12640, 0, 9394]
[132, 12640, 0, 9394]
[133, 12640, 0, 9394]
[134, 12640, 0, 9394]
[135, 12640, 0, 9394]
[136, 12640, 0, 9394]
[137, 12640, 0, 9394]
[138, 12640, 0, 9394]
[139, 12640, 0, 9394]
[140, 12640, 0, 9394]
[141, 12640, 0, 9393]
[142, 12640, 0, 9393]
[143, 12640, 0, 9393]
[144, 12640, 0, 9393]
[145, 12640, 0, 9393]
[146, 12640, 0, 9393]
[147, 12640, 0, 9393]
[148, 12640, 0, 9353]
[149, 12640, 0, 9353]
[150, 12640, 0, 2953]
[151, 12640, 0, 2953]
[152, 12640, 0, 2953]
[153, 12640, 0, 2953]
[154, 12640, 0, 2953]
[155, 12640, 0, 2953]
[156, 12640, 0, 2953]
[157, 12640, 0, 2953]
[158, 12640, 0, 2953]
[159, 12640, 0, 2953]
[160, 12640, 0, 2953]
[161, 12640, 0, 4553]
[162, 12640, 0, 4553]
[163, 12640, 0, 4553]
[164, 12640, 0, 4389]
[165, 12640, 0, 4389]
[166, 12640, 0, 4389]
[167, 12640, 0, 4389]
[168, 12640, 0, 4389]
[169, 12640, 0, 4389]
[170, 12640, 0, 4389]
[171, 12640, 0, 4389]
[172, 12640, 0, 4389]
[173, 12640, 0, 4389]
[173, 12640, 0, 8430]
[174, 12640, 0, 8430]
[175, 12640, 0, 8430]
[176, 12640, 0, 8430]
[177, 12640, 0, 8430]
[178, 12640, 0, 8430]
[179, 12640, 0, 8410]
[180, 12640, 0, 8410]
[181, 12640, 0, 8574]
[182, 12640, 0, 8574]
[183, 12640, 0, 8574]
[184, 12640, 0, 8574]
[185, 12640, 0, 8574]
[186, 12640, 0, 8574]
[187, 12640, 0, 8574]
[188, 12640, 0, 8574]
[189, 12640, 0, 8574]
[190, 12640, 0, 8574]
[191, 12640, 0, 8574]
[192, 12640, 0, 8574]
[193, 12640, 0, 8574]
[194, 12640, 0, 8574]
[195, 12640, 0, 8574]
[196, 12640, 0, 8574]
[197, 12640, 0, 8574]
[198, 12640, 0, 8574]
[199, 12640, 0, 8574]
[200, 12640, 0, 8574]
[201, 12640, 0, 9374]
[202, 12640, 0, 9374]
[203, 12640, 0, 9374]
[204, 12640, 0, 9374]
[205, 12640, 0, 9374]
[206, 12640, 0, 9374]
[207, 12640, 0, 9374]
[208, 12640, 0, 9374]
[209, 12640, 0, 9374]
[210, 12640, 0, 9374]
[211, 12640, 0, 9374]
[212, 12640, 0, 9374]
[213, 12640, 0, 9374]
[214, 12640, 0, 9374]
[215, 12640, 0, 9374]
[216, 12640, 0, 9374]
[217, 12640, 0, 9374]
[218, 12640, 0, 9374]
[219, 12640, 0, 9374]
[220, 12640, 0, 9374]
[221, 12640, 0, 9374]
[222, 12640, 0, 9374]
[223, 12640, 0, 9374]
[224, 12640, 0, 9374]
[225, 12640, 0, 9374]
[226, 12640, 0, 9374]
[227, 12640, 0, 9374]
[228, 12640, 0, 9374]
[229, 12640, 0, 9374]
[230, 12640, 0, 9374]
[231, 12640, 0, 9374]
[232, 12640, 0, 9374]
[233, 12640, 0, 9374]
[234, 12640, 0, 9374]
[235, 12640, 0, 9374]
[236, 12640, 0, 9374]
[237, 12640, 0, 9334]
[238, 12640, 0, 9334]
[239, 12640, 0, 9334]
[240, 12640, 0, 9334]
[241, 12640, 0, 9334]
[242, 12640, 0, 9334]
[243, 12640, 0, 9334]
[244, 12640, 0, 9334]
[245, 12640, 0, 9334]
[246, 12640, 0, 9334]
[247, 12640, 0, 2934]
[248, 12640, 0, 2934]
[249, 12640, 0, 2934]
[250, 12640, 0, 2934]
[251, 12640, 0, 2934]
[252, 12640, 0, 2933]
[253, 12640, 0, 2933]
[254, 12640, 0, 2933]
[255, 12640, 0, 2933]
[256, 12640, 0, 2933]
[257, 12640, 0, 2933]
[258, 12640, 0, 2933]
[259, 12640, 0, 2933]
[260, 12640, 0, 2933]
[261, 12640, 0, 2933]
[262, 12640, 0, 2933]
[263, 12640, 0, 2933]
[264, 12640, 0, 2933]
[265, 12640, 0, 2933]
[266, 12640, 0, 2953]
[267, 12640, 0, 2953]
[268, 12640, 0, 2953]
[269, 12640, 0, 2953]
[270, 12640, 0, 2953]
[271, 12640, 0, 2789]
[272, 12640, 0, 2789]
[273, 12640, 0, 2789]
[274, 12640, 0, 2789]
[275, 12640, 0, 2789]
[276, 12640, 0, 2789]
[277, 12640, 0, 2789]
[278, 12640, 0, 2789]
[279, 12640, 0, 2789]
[280, 12640, 0, 2789]
[281, 12640, 0, 2789]
[282, 12640, 0, 2789]
[283, 12640, 0, 2789]
[284, 12640, 0, 2789]
[284, 12640, 0, 8430]
[285, 12640, 0, 8430]
[286, 12640, 0, 8430]
[287, 12640, 0, 8430]
[288, 12640, 0, 8430]
[289, 12640, 0, 8430]
[290, 12640, 0, 8410]
[291, 12640, 0, 8574]
[292, 12640, 0, 8574]
[293, 12640, 0, 8574]
[294, 12640, 0, 8574]
[295, 12640, 0, 8574]
[296, 12640, 0, 8574]
[297, 12640, 0, 8574]
[298, 12640, 0, 8574]
[299, 12640, 0, 8574]
[300, 12640, 0, 8574]
[301, 12640, 0, 8574]
[302, 12640, 0, 8574]
[303, 12640, 0, 8574]
[304, 12640, 0, 8574]
[305, 12640, 0, 8574]
[306, 12640, 0, 8574]
[307, 12640, 0, 8574]
[308, 12640, 0, 8574]
[309, 12640, 0, 8574]
[310, 12640, 0, 9374]
[311, 12640, 0, 9374]
[312, 12640, 0, 9374]
[313, 12640, 0, 9374]
[314, 12640, 0, 9374]
[315, 12640, 0, 9334]
[316, 12640, 0, 9334]
[317, 12640, 0, 9374]
[318, 12640, 0, 9374]
[319, 12640, 0, 9374]
[319, 12640, 0, 9230]
[320, 12640, 0, 9230]
[321, 12640, 0, 9189]
[322, 12640, 0, 9189]
[323, 12640, 0, 9189]
[324, 12640, 0, 9189]
[325, 12640, 0, 9189]
[326, 12640, 0, 9189]
[327, 12640, 0, 9189]
[328, 12640, 0, 9189]
[329, 12640, 0, 9189]
[330, 12640, 0, 9189]
[331, 12640, 0, 9189]
[332, 12640, 0, 9189]
[333, 12640, 0, 9189]
[334, 12640, 0, 9189]
[335, 12640, 0, 9189]
[336, 12640, 0, 9189]
[337, 12640, 0, 9189]
[338, 12640, 0, 9189]
[339, 12640, 0, 9189]
[340, 12640, 0, 9189]
[341, 12640, 0, 9189]
[342, 12640, 0, 9189]
[343, 12640, 0, 9189]
[344, 12640, 0, 9230]
[345, 12640, 0, 9189]
[346, 12640, 0, 9189]
[347, 12640, 0, 9230]
[348, 12640, 0, 9230]
[349, 12640, 0, 9189]
[350, 12640, 0, 9189]
[351, 12640, 0, 9230]
[352, 12640, 0, 9189]
[353, 12640, 0, 9189]
[354, 12640, 0, 9230]
[355, 12640, 0, 9230]
[356, 12640, 0, 9189]
[357, 12640, 0, 9189]
[358, 12640, 0, 9230]
[359, 12640, 0, 9189]
[360, 12640, 0, 9189]
[361, 12640, 0, 9230]
[362, 12640, 0, 9230]
[363, 12640, 0, 9189]
[364, 12640, 0, 9189]
[365, 12640, 0, 9230]
[366, 12640, 0, 9230]
[367, 12640, 0, 9189]
[368, 12640, 0, 9230]
[369, 12640, 0, 9230]
[370, 12640, 0, 9189]
[371, 12640, 0, 9189]
[372, 12640, 0, 9230]
[373, 12640, 0, 9189]
[374, 12640, 0, 9189]
[375, 12640, 0, 9230]
[376, 12640, 0, 9230]
[377, 12640, 0, 9189]
[378, 12640, 0, 9189]
[379, 12640, 0, 9230]
[380, 12640, 0, 9189]
[381, 12640, 0, 9189]
[382, 12640, 0, 9230]
[383, 12640, 0, 9230]
[384, 12640, 0, 9189]
[385, 12640, 0, 9189]
[386, 12640, 0, 9230]
[387, 12640, 0, 9230]
[388, 12640, 0, 9189]
[389, 12640, 0, 9230]
[390, 12640, 0, 9230]
[391, 12640, 0, 9189]
[392, 12640, 0, 9189]
[393, 12640, 0, 9230]
[394, 12640, 0, 9230]
[395, 12640, 0, 9190]
[396, 12640, 0, 9230]
[397, 12640, 0, 9230]
[398, 12640, 0, 9230]
[399, 12640, 0, 9230]
[400, 12640, 0, 9230]
[401, 12640, 0, 9230]
[402, 12640, 0, 9230]
[403, 12640, 0, 9230]
[404, 12640, 0, 9230]
[405, 12640, 0, 9230]
[406, 12640, 0, 9230]
[407, 12640, 0, 9230]
[408, 12640, 0, 9230]
[409, 12640, 0, 9230]
[410, 12640, 0, 9230]
[411, 12640, 0, 9230]
[412, 12640, 0, 9230]
[413, 12640, 0, 9230]
[414, 12640, 0, 9230]
[415, 12640, 0, 9230]
[416, 12640, 0, 9230]
[417, 12640, 0, 9230]
[418, 12640, 0, 9230]
[419, 12640, 0, 9230]
[420, 12640, 0, 9230]
[421, 12640, 0, 9230]
[422, 12640, 0, 9230]
[423, 12640, 0, 9230]
[424, 12640, 0, 9230]
[425, 12640, 0, 9230]
[426, 12640, 0, 9230]
[427, 12640, 0, 9230]
[428, 12640, 0, 9230]
[429, 12640, 0, 9230]
[430, 12640, 0, 9230]
[431, 12640, 0, 9230]
[432, 12640, 0, 9230]
[433, 12640, 0, 9230]
[434, 12640, 0, 9230]
[435, 12640, 0, 9230]
[436, 12640, 0, 9230]
[437, 12640, 0, 9394]
[438, 12640, 0, 9394]
[439, 12640, 0, 9394]
[440, 12640, 0, 9394]
[441, 12640, 0, 9394]
[442, 12640, 0, 9394]
[443, 12640, 0, 9394]
[444, 12640, 0, 9394]
[445, 12640, 0, 9394]
[446, 12640, 0, 9394]
[447, 12640, 0, 9394]
[448, 12640, 0, 9394]
[449, 12640, 0, 9394]
[450, 12640, 0, 9394]
[451, 12640, 0, 9394]
[452, 12640, 0, 9394]
[453, 12640, 0, 9394]
[454, 12640, 0, 9394]
[455, 12640, 0, 9394]
[456, 12640, 0, 9394]
[457, 12640, 0, 9394]
[458, 12640, 0, 9394]
[459, 12640, 0, 9394]
[460, 12640, 0, 9393]
[461, 12640, 0, 9393]
[462, 12640, 0, 9393]
[463, 12640, 0, 9393]
[464, 12640, 0, 9393]
[465, 12640, 0, 9393]
[466, 12640, 0, 9353]
[467, 12640, 0, 9353]
[468, 12640, 0, 2953]
[469, 12640, 0, 2953]
[470, 12640, 0, 2953]
[471, 12640, 0, 2953]
[472, 12640, 0, 2953]
[473, 12640, 0, 2953]
[474, 12640, 0, 2953]
[475, 12640, 0, 2953]
[476, 12640, 0, 2953]
[477, 12640, 0, 4553]
[478, 12640, 0, 4553]
[479, 12640, 0, 4553]
[480, 12640, 0, 4553]
[481, 12640, 0, 4553]
[482, 12640, 0, 4553]
[483, 12640, 0, 4553]
[484, 12640, 0, 4389]
[485, 12640, 0, 4389]
[486, 12640, 0, 4389]
[487, 12640, 0, 4388]
[488, 12640, 0, 4388]
[489, 12640, 0, 4348]
[490, 12640, 0, 4348]
[490, 12640, 0, 4348]
[490, 12640, 0, 8430]
[491, 12640, 0, 8430]
[492, 12640, 0, 8430]
[493, 12640, 0, 8430]
[494, 12640, 0, 8430]
[495, 12640, 0, 8430]
[496, 12640, 0, 8410]
[497, 12640, 0, 8574]
[498, 12640, 0, 8574]
[499, 12640, 0, 8574]
[500, 12640, 0, 8574]
[501, 12640, 0, 8574]
[502, 12640, 0, 8574]
[503, 12640, 0, 8574]
[504, 12640, 0, 8574]
[505, 12640, 0, 8574]
[506, 12640, 0, 8574]
[507, 12640, 0, 8574]
[508, 12640, 0, 8574]
[509, 12640, 0, 8574]
[510, 12640, 0, 8574]
[511, 12640, 0, 8574]
[512, 12640, 0, 8574]
[513, 12640, 0, 8574]
[514, 12640, 0, 9374]
[515, 12640, 0, 9374]
[516, 12640, 0, 9374]
[517, 12640, 0, 9374]
[518, 12640, 0, 9374]
[519, 12640, 0, 9374]
[520, 12640, 0, 9374]
[521, 12640, 0, 9374]
[522, 12640, 0, 9374]
[523, 12640, 0, 9374]
[524, 12640, 0, 9374]
[525, 12640, 0, 9374]
[526, 12640, 0, 9374]
[527, 12640, 0, 9374]
[528, 12640, 0, 9374]
[529, 12640, 0, 9374]
[530, 12640, 0, 9374]
[531, 12640, 0, 9374]
[532, 12640, 0, 9374]
[533, 12640, 0, 9374]
[534, 12640, 0, 9374]
[535, 12640, 0, 9374]
[536, 12640, 0, 9374]
[537, 12640, 0, 9374]
[538, 12640, 0, 9374]
[539, 12640, 0, 9374]
[540, 12640, 0, 9374]
[541, 12640, 0, 9374]
[542, 12640, 0, 9334]
[543, 12640, 0, 9334]
[544, 12640, 0, 9334]
[545, 12640, 0, 9334]
[546, 12640, 0, 9334]
[547, 12640, 0, 9334]
[548, 12640, 0, 9334]
[549, 12640, 0, 9334]
[550, 12640, 0, 9334]
[551, 12640, 0, 2934]
[552, 12640, 0, 2934]
[553, 12640, 0, 2934]
[554, 12640, 0, 2934]
[555, 12640, 0, 2933]
[556, 12640, 0, 2933]
[557, 12640, 0, 2933]
[558, 12640, 0, 2933]
[559, 12640, 0, 2933]
[560, 12640, 0, 2933]
[561, 12640, 0, 2933]
[562, 12640, 0, 2933]
[563, 12640, 0, 2933]
[564, 12640, 0, 2933]
[565, 12640, 0, 2933]
[566, 12640, 0, 2933]
[567, 12640, 0, 2933]
[568, 12640, 0, 2953]
[569, 12640, 0, 2953]
[570, 12640, 0, 2953]
[571, 12640, 0, 2953]
[572, 12640, 0, 2789]
[573, 12640, 0, 2789]
[574, 12640, 0, 2789]
[575, 12640, 0, 2789]
[576, 12640, 0, 2789]
[577, 12640, 0, 2789]
[578, 12640, 0, 2789]
[579, 12640, 0, 2789]
[580, 12640, 0, 2789]
[581, 12640, 0, 2789]
[582, 12640, 0, 2789]
[583, 12640, 0, 2789]
[583, 12640, 0, 8430]
[584, 12640, 0, 8430]
[585, 12640, 0, 8430]
[586, 12640, 0, 8430]
[587, 12640, 0, 8430]
[588, 12640, 0, 8430]
[589, 12640, 0, 8410]
[590, 12640, 0, 8574]
[591, 12640, 0, 8574]
[592, 12640, 0, 8574]
[593, 12640, 0, 8574]
[594, 12640, 0, 8574]
[595, 12640, 0, 8574]
[596, 12640, 0, 8574]
[597, 12640, 0, 8574]
[598, 12640, 0, 8574]
[599, 12640, 0, 8574]
[600, 12640, 0, 8574]
[601, 12640, 0, 8574]
[602, 12640, 0, 8574]
[603, 12640, 0, 8574]
[604, 12640, 0, 8574]
[605, 12640, 0, 8574]
[606, 12640, 0, 9374]
[607, 12640, 0, 9374]
[608, 12640, 0, 9374]
[609, 12640, 0, 9374]
[610, 12640, 0, 9374]
[611, 12640, 0, 9334]
[612, 12640, 0, 9334]
[613, 12640, 0, 9374]
[614, 12640, 0, 9334]
[615, 12640, 0, 9334]
[616, 12640, 0, 9374]
[617, 12640, 0, 9334]
[618, 12640, 0, 9374]
[619, 12640, 0, 9374]
[620, 12640, 0, 9374]
[621, 12640, 0, 9374]
[622, 12640, 0, 9374]
[623, 12640, 0, 9374]
[624, 12640, 0, 9374]
[625, 12640, 0, 9374]
[626, 12640, 0, 9374]
[627, 12640, 0, 9374]
[628, 12640, 0, 9374]
[629, 12640, 0, 9374]
[630, 12640, 0, 9374]
[631, 12640, 0, 9374]
[632, 12640, 0, 9374]
[633, 12640, 0, 9374]
[634, 12640, 0, 9374]
[635, 12640, 0, 9374]
[636, 12640, 0, 9374]
[637, 12640, 0, 9374]
[638, 12640, 0, 9374]
[639, 12640, 0, 9334]
[640, 12640, 0, 9334]
[641, 12640, 0, 9334]
[642, 12640, 0, 9334]
[643, 12640, 0, 9334]
[644, 12640, 0, 9334]
[645, 12640, 0, 9334]
[646, 12640, 0, 9334]
[647, 12640, 0, 2934]
[648, 12640, 0, 2934]
[649, 12640, 0, 2934]
[650, 12640, 0, 2933]
[651, 12640, 0, 2933]
[652, 12640, 0, 2933]
[653, 12640, 0, 2933]
[654, 12640, 0, 2933]
[655, 12640, 0, 2933]
[656, 12640, 0, 2933]
[657, 12640, 0, 2933]
[658, 12640, 0, 2933]
[659, 12640, 0, 2933]
[660, 12640, 0, 2933]
[661, 12640, 0, 2933]
[662, 12640, 0, 2933]
[662, 12640, 0, 9189]
[663, 12640, 0, 9353]
[664, 12640, 0, 9189]
[665, 12640, 0, 9189]
[666, 12640, 0, 9189]
[667, 12640, 0, 9189]
[668, 12640, 0, 9189]
[669, 12640, 0, 9189]
[670, 12640, 0, 9189]
[671, 12640, 0, 9189]
[672, 12640, 0, 9189]
[673, 12640, 0, 9189]
[674, 12640, 0, 9189]
[675, 12640, 0, 9189]
[676, 12640, 0, 9189]
[677, 12640, 0, 9189]
[678, 12640, 0, 9189]
[679, 12640, 0, 9189]
[680, 12640, 0, 9189]
[681, 12640, 0, 9189]
[682, 12640, 0, 9189]
[683, 12640, 0, 9229]
[684, 12640, 0, 9190]
[685, 12640, 0, 9189]
[686, 12640, 0, 9229]
[687, 12640, 0, 9190]
[688, 12640, 0, 9189]
[689, 12640, 0, 9229]
[690, 12640, 0, 9230]
[691, 12640, 0, 9189]
[692, 12640, 0, 9189]
[693, 12640, 0, 9230]
[694, 12640, 0, 9189]
[695, 12640, 0, 9229]
[696, 12640, 0, 9230]
[697, 12640, 0, 9190]
[698, 12640, 0, 9189]
[699, 12640, 0, 9230]
[700, 12640, 0, 9190]
[701, 12640, 0, 9189]
[702, 12640, 0, 9230]
[703, 12640, 0, 9190]
[704, 12640, 0, 9189]
[705, 12640, 0, 9230]
[706, 12640, 0, 9190]
[707, 12640, 0, 9189]
[708, 12640, 0, 9229]
[709, 12640, 0, 9190]
[710, 12640, 0, 9189]
[711, 12640, 0, 9230]
[712, 12640, 0, 9190]
[713, 12640, 0, 9189]
[714, 12640, 0, 9229]
[715, 12640, 0, 9230]
[716, 12640, 0, 9189]
[717, 12640, 0, 9229]
[718, 12640, 0, 9230]
[719, 12640, 0, 9189]
[720, 12640, 0, 9229]
[721, 12640, 0, 9230]
[722, 12640, 0, 9189]
[723, 12640, 0, 9229]
[724, 12640, 0, 9230]
[725, 12640, 0, 9189]
[726, 12640, 0, 9189]
[727, 12640, 0, 9230]
[728, 12640, 0, 9190]
[729, 12640, 0, 9189]
[730, 12640, 0, 9230]
[731, 12640, 0, 9190]
[732, 12640, 0, 9229]
[733, 12640, 0, 9230]
[734, 12640, 0, 9230]
[735, 12640, 0, 9189]
[736, 12640, 0, 9229]
[737, 12640, 0, 9190]
[738, 12640, 0, 9190]
[739, 12640, 0, 9190]
[740, 12640, 0, 9190]
[741, 12640, 0, 9190]
[742, 12640, 0, 9190]
[743, 12640, 0, 9190]
[744, 12640, 0, 9190]
[745, 12640, 0, 9190]
[746, 12640, 0, 9190]
[747, 12640, 0, 9190]
[748, 12640, 0, 9190]
[749, 12640, 0, 9190]
[750, 12640, 0, 9190]
[751, 12640, 0, 9190]
[752, 12640, 0, 9190]
[753, 12640, 0, 9190]
[754, 12640, 0, 9190]
[755, 12640, 0, 9190]
[756, 12640, 0, 9190]
[757, 12640, 0, 9190]
[758, 12640, 0, 9190]
[759, 12640, 0, 9190]
[760, 12640, 0, 9190]
[761, 12640, 0, 9190]
[762, 12640, 0, 9190]
[763, 12640, 0, 9190]
[764, 12640, 0, 9190]
[765, 12640, 0, 9190]
[766, 12640, 0, 9230]
[767, 12640, 0, 9230]
[768, 12640, 0, 9230]
[769, 12640, 0, 9230]
[770, 12640, 0, 9230]
[771, 12640, 0, 9230]
[772, 12640, 0, 9230]
[773, 12640, 0, 9230]
[774, 12640, 0, 9230]
[775, 12640, 0, 9230]
[776, 12640, 0, 9230]
[777, 12640, 0, 9230]
[778, 12640, 0, 9394]
[779, 12640, 0, 9394]
[780, 12640, 0, 9394]
[781, 12640, 0, 9394]
[782, 12640, 0, 9394]
[783, 12640, 0, 9394]
[784, 12640, 0, 9394]
[785, 12640, 0, 9394]
[786, 12640, 0, 9394]
[787, 12640, 0, 9394]
[788, 12640, 0, 9394]
[789, 12640, 0, 9394]
[790, 12640, 0, 9394]
[791, 12640, 0, 9394]
[792, 12640, 0, 9394]
[793, 12640, 0, 9394]
[794, 12640, 0, 9393]
[795, 12640, 0, 9393]
[796, 12640, 0, 9393]
[797, 12640, 0, 9393]
[798, 12640, 0, 9393]
[799, 12640, 0, 9393]
[800, 12640, 0, 9353]
[801, 12640, 0, 9353]
[802, 12640, 0, 2953]
[803, 12640, 0, 2953]
[804, 12640, 0, 2953]
[805, 12640, 0, 2953]
[806, 12640, 0, 2953]
[807, 12640, 0, 2953]
[808, 12640, 0, 2953]
[809, 12640, 0, 2953]
[810, 12640, 0, 4553]
[811, 12640, 0, 4553]
[812, 12640, 0, 4553]
[813, 12640, 0, 4553]
[814, 12640, 0, 4553]
[815, 12640, 0, 4553]
[816, 12640, 0, 4553]
[817, 12640, 0, 4553]
[818, 12640, 0, 4388]
[819, 12640, 0, 4388]
[820, 12640, 0, 4388]
[821, 12640, 0, 4388]
[822, 12640, 0, 4348]
[823, 12640, 0, 4348]
[823, 12640, 0, 8430]
[823, 12640, 0, 8430]
[824, 12640, 0, 8430]
[825, 12640, 0, 8430]
[826, 12640, 0, 8430]
[827, 12640, 0, 8430]
[828, 12640, 0, 8574]
[829, 12640, 0, 8574]
[830, 12640, 0, 8574]
[831, 12640, 0, 8574]
[832, 12640, 0, 8574]
[833, 12640, 0, 8574]
[834, 12640, 0, 8574]
[835, 12640, 0, 8574]
[836, 12640, 0, 8574]
[837, 12640, 0, 8574]
[838, 12640, 0, 8574]
[839, 12640, 0, 8574]
[840, 12640, 0, 8574]
[841, 12640, 0, 8574]
[842, 12640, 0, 8574]
[843, 12640, 0, 8574]
[844, 12640, 0, 9374]
[845, 12640, 0, 9374]
[846, 12640, 0, 9374]
[847, 12640, 0, 9374]
[848, 12640, 0, 9374]
[849, 12640, 0, 9374]
[850, 12640, 0, 9374]
[851, 12640, 0, 9374]
[852, 12640, 0, 9374]
[853, 12640, 0, 9374]
[854, 12640, 0, 9374]
[855, 12640, 0, 9374]
[856, 12640, 0, 9374]
[857, 12640, 0, 9374]
[858, 12640, 0, 9374]
[859, 12640, 0, 9374]
[860, 12640, 0, 9374]
[861, 12640, 0, 9374]
[862, 12640, 0, 9374]
[863, 12640, 0, 9374]
[864, 12640, 0, 9374]
[865, 12640, 0, 9374]
[866, 12640, 0, 9374]
[867, 12640, 0, 9374]
[868, 12640, 0, 9374]
[869, 12640, 0, 9374]
[870, 12640, 0, 9374]
[871, 12640, 0, 9334]
[872, 12640, 0, 9334]
[873, 12640, 0, 9334]
[874, 12640, 0, 9334]
[875, 12640, 0, 9334]
[876, 12640, 0, 9334]
[877, 12640, 0, 9334]
[878, 12640, 0, 9334]
[879, 12640, 0, 2934]
[880, 12640, 0, 2934]
[881, 12640, 0, 2934]
[882, 12640, 0, 2934]
[883, 12640, 0, 2933]
[884, 12640, 0, 2933]
[885, 12640, 0, 2933]
[886, 12640, 0, 2933]
[887, 12640, 0, 2933]
[888, 12640, 0, 2933]
[889, 12640, 0, 2933]
[890, 12640, 0, 2933]
[891, 12640, 0, 2933]
[892, 12640, 0, 2933]
[893, 12640, 0, 2933]
[894, 12640, 0, 2953]
[895, 12640, 0, 2953]
[896, 12640, 0, 2953]
[897, 12640, 0, 2953]
[898, 12640, 0, 2789]
[899, 12640, 0, 2789]
[900, 12640, 0, 2789]
[901, 12640, 0, 2789]
[902, 12640, 0, 2789]
[903, 12640, 0, 2789]
[904, 12640, 0, 2789]
[905, 12640, 0, 2789]
[906, 12640, 0, 2789]
[907, 12640, 0, 2789]
[908, 12640, 0, 2789]
[908, 12640, 0, 8430]
[909, 12640, 0, 8430]
[910, 12640, 0, 8430]
[911, 12640, 0, 8430]
[912, 12640, 0, 8430]
[913, 12640, 0, 8410]
[914, 12640, 0, 8574]
[915, 12640, 0, 8574]
[916, 12640, 0, 8574]
[917, 12640, 0, 8574]
[918, 12640, 0, 8574]
[919, 12640, 0, 8574]
[920, 12640, 0, 8574]
[921, 12640, 0, 8574]
[922, 12640, 0, 8574]
[923, 12640, 0, 8574]
[924, 12640, 0, 8574]
[925, 12640, 0, 8574]
[926, 12640, 0, 8574]
[927, 12640, 0, 8574]
[928, 12640, 0, 9374]
[929, 12640, 0, 9374]
[930, 12640, 0, 9374]
[931, 12640, 0, 9374]
[932, 12640, 0, 9374]
[933, 12640, 0, 9334]
[934, 12640, 0, 9374]
[935, 12640, 0, 9374]
[936, 12640, 0, 9334]
[937, 12640, 0, 9374]
[938, 12640, 0, 9374]
[939, 12640, 0, 9374]
[940, 12640, 0, 9374]
[941, 12640, 0, 9374]
[942, 12640, 0, 9374]
[943, 12640, 0, 9374]
[944, 12640, 0, 9374]
[945, 12640, 0, 9374]
[946, 12640, 0, 9374]
[947, 12640, 0, 9374]
[948, 12640, 0, 9374]
[949, 12640, 0, 9374]
[950, 12640, 0, 9374]
[951, 12640, 0, 9374]
[952, 12640, 0, 9374]
[953, 12640, 0, 9374]
[954, 12640, 0, 9374]
[955, 12640, 0, 9374]
[956, 12640, 0, 9374]
[957, 12640, 0, 9374]
[958, 12640, 0, 9334]
[959, 12640, 0, 9334]
[960, 12640, 0, 9334]
[961, 12640, 0, 9334]
[962, 12640, 0, 9334]
[963, 12640, 0, 9334]
[964, 12640, 0, 9334]
[965, 12640, 0, 2934]
[966, 12640, 0, 2934]
[967, 12640, 0, 2934]
[968, 12640, 0, 2933]
[969, 12640, 0, 2933]
[970, 12640, 0, 2933]
[971, 12640, 0, 2933]
[972, 12640, 0, 2933]
[973, 12640, 0, 2933]
[974, 12640, 0, 2933]
[975, 12640, 0, 2933]
[976, 12640, 0, 2933]
[977, 12640, 0, 2933]
[978, 12640, 0, 2933]
[979, 12640, 0, 2953]
[980, 12640, 0, 2953]
[981, 12640, 0, 2953]
[982, 12640, 0, 2953]
[983, 12640, 0, 2789]
[984, 12640, 0, 2789]
[985, 12640, 0, 2789]
[986, 12640, 0, 2789]
[987, 12640, 0, 2789]
[988, 12640, 0, 2789]
[989, 12640, 0, 2789]
[990, 12640, 0, 2789]
[991, 12640, 0, 2789]
[992, 12640, 0, 2789]
[993, 12640, 0, 2789]
[993, 12640, 0, 9230]
[994, 12640, 0, 9229]
[995, 12640, 0, 9189]
[996, 12640, 0, 9189]
[997, 12640, 0, 9189]
[998, 12640, 0, 9189]
[999, 12640, 0, 9189]
[1000, 12640, 0, 9189]
[1001, 12640, 0, 9189]
[1002, 12640, 0, 9189]
[1003, 12640, 0, 9189]
[1004, 12640, 0, 9189]
[1005, 12640, 0, 9189]
[1006, 12640, 0, 9189]
[1007, 12640, 0, 9189]
[1008, 12640, 0, 9189]
[1009, 12640, 0, 9189]
[1010, 12640, 0, 9229]
[1011, 12640, 0, 9189]
[1012, 12640, 0, 9189]
[1013, 12640, 0, 9229]
[1014, 12640, 0, 9189]
[1015, 12640, 0, 9229]
[1016, 12640, 0, 9229]
[1017, 12640, 0, 9189]
[1018, 12640, 0, 9229]
[1019, 12640, 0, 9189]
[1020, 12640, 0, 9189]
[1021, 12640, 0, 9229]
[1022, 12640, 0, 9189]
[1023, 12640, 0, 9189]
[1024, 12640, 0, 9229]
[1025, 12640, 0, 9189]
[1026, 12640, 0, 9229]
[1027, 12640, 0, 9229]
[1028, 12640, 0, 9189]
[1029, 12640, 0, 9229]
[1030, 12640, 0, 9229]
[1031, 12640, 0, 9189]
[1032, 12640, 0, 9229]
[1033, 12640, 0, 9189]
[1034, 12640, 0, 9189]
[1035, 12640, 0, 9229]
[1036, 12640, 0, 9190]
[1037, 12640, 0, 9189]
[1038, 12640, 0, 9229]
[1039, 12640, 0, 9190]
[1040, 12640, 0, 9230]
[1041, 12640, 0, 9190]
[1042, 12640, 0, 9190]
[1043, 12640, 0, 9229]
[1044, 12640, 0, 9189]
[1045, 12640, 0, 9229]
[1046, 12640, 0, 9229]
[1047, 12640, 0, 9189]
[1048, 12640, 0, 9230]
[1049, 12640, 0, 9229]
[1050, 12640, 0, 9190]
[1051, 12640, 0, 9190]
[1052, 12640, 0, 9230]
[1053, 12640, 0, 9190]
[1054, 12640, 0, 9190]
[1055, 12640, 0, 9230]
[1056, 12640, 0, 9190]
[1057, 12640, 0, 9230]
[1058, 12640, 0, 9230]
[1059, 12640, 0, 9230]
[1060, 12640, 0, 9230]
[1061, 12640, 0, 9230]
[1062, 12640, 0, 9230]
[1063, 12640, 0, 9230]
[1064, 12640, 0, 9230]
[1065, 12640, 0, 9230]
[1066, 12640, 0, 9230]
[1067, 12640, 0, 9230]
[1068, 12640, 0, 9230]
[1069, 12640, 0, 9230]
[1070, 12640, 0, 9230]
[1071, 12640, 0, 9230]
[1072, 12640, 0, 9230]
[1073, 12640, 0, 9230]
[1074, 12640, 0, 9230]
[1075, 12640, 0, 9230]
[1076, 12640, 0, 9230]
[1077, 12640, 0, 9230]
[1078, 12640, 0, 9230]
[1079, 12640, 0, 9230]
[1080, 12640, 0, 9230]
[1081, 12640, 0, 9230]
[1082, 12640, 0, 9230]
[1083, 12640, 0, 9230]
[1084, 12640, 0, 9230]
[1085, 12640, 0, 9230]
[1086, 12640, 0, 9230]
[1087, 12640, 0, 9230]
[1088, 12640, 0, 9230]
[1089, 12640, 0, 9230]
[1090, 12640, 0, 9230]
[1091, 12640, 0, 9230]
[1092, 12640, 0, 9230]
[1093, 12640, 0, 9230]
[1094, 12640, 0, 9230]
[1095, 12640, 0, 9230]
[1096, 12640, 0, 9230]
[1097, 12640, 0, 9394]
[1098, 12640, 0, 9394]
[1099, 12640, 0, 9394]
[1100, 12640, 0, 9394]
[1101, 12640, 0, 9394]
[1102, 12640, 0, 9394]
[1103, 12640, 0, 9394]
[1104, 12640, 0, 9394]
[1105, 12640, 0, 9394]
[1106, 12640, 0, 9394]
[1107, 12640, 0, 9394]
[1108, 12640, 0, 9394]
[1109, 12640, 0, 9394]
[1110, 12640, 0, 9394]
[1111, 12640, 0, 9394]
[1112, 12640, 0, 9394]
[1113, 12640, 0, 9394]
[1114, 12640, 0, 9394]
[1115, 12640, 0, 9394]
[1116, 12640, 0, 9394]
[1117, 12640, 0, 9393]
[1118, 12640, 0, 9393]
[1119, 12640, 0, 9393]
[1120, 12640, 0, 9393]
[1121, 12640, 0, 9393]
[1122, 12640, 0, 9353]
[1123, 12640, 0, 9353]
[1124, 12640, 0, 2953]
[1125, 12640, 0, 2953]
[1126, 12640, 0, 2953]
[1127, 12640, 0, 2953]
[1128, 12640, 0, 2953]
[1129, 12640, 0, 2953]
[1130, 12640, 0, 2953]
[1131, 12640, 0, 4553]
[1132, 12640, 0, 4553]
[1133, 12640, 0, 4553]
[1134, 12640, 0, 4553]
[1135, 12640, 0, 4389]
[1136, 12640, 0, 4389]
[1137, 12640, 0, 4389]
[1138, 12640, 0, 4389]
[1139, 12640, 0, 4389]
[1140, 12640, 0, 4388]
[1141, 12640, 0, 4388]
[1141, 12640, 0, 8430]
[1142, 12640, 0, 8430]
[1143, 12640, 0, 8430]
[1144, 12640, 0, 8430]
[1145, 12640, 0, 8410]
[1146, 12640, 0, 8574]
[1147, 12640, 0, 8574]
[1148, 12640, 0, 8574]
[1149, 12640, 0, 8574]
[1150, 12640, 0, 8574]
[1151, 12640, 0, 8574]
[1152, 12640, 0, 8574]
[1153, 12640, 0, 8574]
[1154, 12640, 0, 8574]
[1155, 12640, 0, 8574]
[1156, 12640, 0, 8574]
[1157, 12640, 0, 8574]
[1158, 12640, 0, 8574]
[1159, 12640, 0, 8574]
[1160, 12640, 0, 9374]
[1161, 12640, 0, 9374]
[1162, 12640, 0, 9374]
[1163, 12640, 0, 9374]
[1164, 12640, 0, 9334]
[1165, 12640, 0, 9374]
[1166, 12640, 0, 9374]
[1167, 12640, 0, 9374]
[1168, 12640, 0, 9374]
[1169, 12640, 0, 9374]
[1170, 12640, 0, 9374]
[1171, 12640, 0, 9374]
[1172, 12640, 0, 9374]
[1173, 12640, 0, 9374]
[1174, 12640, 0, 9374]
[1175, 12640, 0, 9374]
[1176, 12640, 0, 9374]
[1177, 12640, 0, 9374]
[1178, 12640, 0, 9374]
[1179, 12640, 0, 9374]
[1180, 12640, 0, 9374]
[1181, 12640, 0, 9374]
[1182, 12640, 0, 9374]
[1183, 12640, 0, 9374]
[1184, 12640, 0, 9334]
[1185, 12640, 0, 9334]
[1186, 12640, 0, 9334]
[1187, 12640, 0, 9334]
[1188, 12640, 0, 9334]
[1189, 12640, 0, 9334]
[1190, 12640, 0, 2934]
[1191, 12640, 0, 2934]
[1192, 12640, 0, 2934]
[1193, 12640, 0, 2934]
[1194, 12640, 0, 2933]
[1195, 12640, 0, 2933]
[1196, 12640, 0, 2933]
[1197, 12640, 0, 2933]
[1198, 12640, 0, 2933]
[1199, 12640, 0, 2933]
[1200, 12640, 0, 2933]
[1201, 12640, 0, 2933]
[1202, 12640, 0, 2933]
[1203, 12640, 0, 2933]
[1204, 12640, 0, 2953]
[1205, 12640, 0, 2953]
[1206, 12640, 0, 2953]
[1207, 12640, 0, 2953]
[1208, 12640, 0, 2789]
[1209, 12640, 0, 2789]
[1210, 12640, 0, 2789]
[1211, 12640, 0, 2789]
[1212, 12640, 0, 2789]
[1213, 12640, 0, 2789]
[1214, 12640, 0, 2789]
[1215, 12640, 0, 2789]
[1216, 12640, 0, 2789]
[1217, 12640, 0, 2789]
[1217, 12640, 0, 8430]
[1218, 12640, 0, 8430]
[1219, 12640, 0, 8430]
[1220, 12640, 0, 8430]
[1221, 12640, 0, 8430]
[1222, 12640, 0, 8574]
[1223, 12640, 0, 8574]
[1224, 12640, 0, 8574]
[1225, 12640, 0, 8574]
[1226, 12640, 0, 8574]
[1227, 12640, 0, 8574]
[1228, 12640, 0, 8574]
[1229, 12640, 0, 8574]
[1230, 12640, 0, 8574]
[1231, 12640, 0, 8574]
[1232, 12640, 0, 8574]
[1233, 12640, 0, 8574]
[1234, 12640, 0, 8574]
[1235, 12640, 0, 9374]
[1236, 12640, 0, 9374]
[1237, 12640, 0, 9374]
[1238, 12640, 0, 9374]
[1239, 12640, 0, 9334]
[1240, 12640, 0, 9374]
[1241, 12640, 0, 9374]
[1242, 12640, 0, 9334]
[1243, 12640, 0, 9374]
[1244, 12640, 0, 9374]
[1245, 12640, 0, 9374]
[1246, 12640, 0, 9374]
[1247, 12640, 0, 9374]
[1248, 12640, 0, 9374]
[1249, 12640, 0, 9374]
[1250, 12640, 0, 9374]
[1251, 12640, 0, 9374]
[1252, 12640, 0, 9374]
[1253, 12640, 0, 9374]
[1254, 12640, 0, 9374]
[1255, 12640, 0, 9374]
[1256, 12640, 0, 9374]
[1257, 12640, 0, 9374]
[1258, 12640, 0, 9374]
[1259, 12640, 0, 9374]
[1260, 12640, 0, 9374]
[1261, 12640, 0, 9374]
[1262, 12640, 0, 9374]
[1263, 12640, 0, 9334]
[1264, 12640, 0, 9334]
[1265, 12640, 0, 9334]
[1266, 12640, 0, 9334]
[1267, 12640, 0, 9334]
[1268, 12640, 0, 9334]
[1269, 12640, 0, 9334]
[1270, 12640, 0, 2934]
[1271, 12640, 0, 2934]
[1272, 12640, 0, 2934]
[1273, 12640, 0, 2933]
[1274, 12640, 0, 2933]
[1275, 12640, 0, 2933]
[1276, 12640, 0, 2933]
[1277, 12640, 0, 2933]
[1278, 12640, 0, 2933]
[1279, 12640, 0, 2933]
[1280, 12640, 0, 2933]
[1281, 12640, 0, 2933]
[1282, 12640, 0, 2933]
[1283, 12640, 0, 2953]
[1284, 12640, 0, 2953]
[1285, 12640, 0, 2953]
[1286, 12640, 0, 2953]
[1287, 12640, 0, 2789]
[1288, 12640, 0, 2789]
[1289, 12640, 0, 2789]
[1290, 12640, 0, 2789]
[1291, 12640, 0, 2789]
[1292, 12640, 0, 2789]
[1293, 12640, 0, 2789]
[1294, 12640, 0, 2789]
[1295, 12640, 0, 2789]
[1296, 12640, 0, 2789]
[1296, 12640, 0, 2789]
[1296, 12640, 0, 8430]
[1297, 12640, 0, 8430]
[1298, 12640, 0, 8430]
[1299, 12640, 0, 8430]
[1300, 12640, 0, 8410]
[1301, 12640, 0, 8574]
[1302, 12640, 0, 8574]
[1303, 12640, 0, 8574]
[1304, 12640, 0, 8574]
[1305, 12640, 0, 8574]
[1306, 12640, 0, 8574]
[1307, 12640, 0, 8574]
[1308, 12640, 0, 8574]
[1308, 12640, 0, 9190]
[1309, 12640, 0, 9189]
[1310, 12640, 0, 9189]
[1311, 12640, 0, 9189]
[1312, 12640, 0, 9189]
[1313, 12640, 0, 9189]
[1314, 12640, 0, 9189]
[1315, 12640, 0, 9189]
[1316, 12640, 0, 9189]
[1317, 12640, 0, 9189]
[1318, 12640, 0, 9189]
[1319, 12640, 0, 9189]
[1320, 12640, 0, 9189]
[1321, 12640, 0, 9189]
[1322, 12640, 0, 9189]
[1323, 12640, 0, 9189]
[1324, 12640, 0, 9189]
[1325, 12640, 0, 9230]
[1326, 12640, 0, 9189]
[1327, 12640, 0, 9189]
[1328, 12640, 0, 9230]
[1329, 12640, 0, 9189]
[1330, 12640, 0, 9230]
[1331, 12640, 0, 9189]
[1332, 12640, 0, 9230]
[1333, 12640, 0, 9230]
[1334, 12640, 0, 9189]
[1335, 12640, 0, 9230]
[1336, 12640, 0, 9189]
[1337, 12640, 0, 9189]
[1338, 12640, 0, 9230]
[1339, 12640, 0, 9189]
[1340, 12640, 0, 9230]
[1341, 12640, 0, 9189]
[1342, 12640, 0, 9230]
[1343, 12640, 0, 9189]
[1344, 12640, 0, 9189]
[1345, 12640, 0, 9230]
[1346, 12640, 0, 9189]
[1347, 12640, 0, 9230]
[1348, 12640, 0, 9189]
[1349, 12640, 0, 9230]
[1350, 12640, 0, 9230]
[1351, 12640, 0, 9189]
[1352, 12640, 0, 9230]
[1353, 12640, 0, 9189]
[1354, 12640, 0, 9230]
[1355, 12640, 0, 9230]
[1356, 12640, 0, 9189]
[1357, 12640, 0, 9230]
[1358, 12640, 0, 9189]
[1359, 12640, 0, 9230]
[1360, 12640, 0, 9230]
[1361, 12640, 0, 9189]
[1362, 12640, 0, 9230]
[1363, 12640, 0, 9189]
[1364, 12640, 0, 9189]
[1365, 12640, 0, 9230]
[1366, 12640, 0, 9189]
[1367, 12640, 0, 9230]
[1368, 12640, 0, 9230]
[1369, 12640, 0, 9189]
[1370, 12640, 0, 9230]
[1371, 12640, 0, 9189]
[1372, 12640, 0, 9190]
[1373, 12640, 0, 9230]
[1374, 12640, 0, 9189]
[1375, 12640, 0, 9230]
[1376, 12640, 0, 9189]
[1377, 12640, 0, 9189]
[1378, 12640, 0, 9230]
[1379, 12640, 0, 9189]
[1380, 12640, 0, 9230]
[1381, 12640, 0, 9230]
[1382, 12640, 0, 9189]
[1383, 12640, 0, 9230]
[1384, 12640, 0, 9190]
[1385, 12640, 0, 9230]
[1386, 12640, 0, 9230]
[1387, 12640, 0, 9230]
[1388, 12640, 0, 9230]
[1389, 12640, 0, 9230]
[1390, 12640, 0, 9230]
[1391, 12640, 0, 9230]
[1392, 12640, 0, 9230]
[1393, 12640, 0, 9230]
[1394, 12640, 0, 9230]
[1395, 12640, 0, 9230]
[1396, 12640, 0, 9190]
[1397, 12640, 0, 9230]
[1398, 12640, 0, 9190]
[1399, 12640, 0, 9190]
[1400, 12640, 0, 9190]
[1401, 12640, 0, 9230]
[1402, 12640, 0, 9230]
[1403, 12640, 0, 9230]
[1404, 12640, 0, 9230]
[1405, 12640, 0, 9230]
[1406, 12640, 0, 9230]
[1407, 12640, 0, 9230]
[1408, 12640, 0, 9230]
[1409, 12640, 0, 9230]
[1410, 12640, 0, 9230]
[1411, 12640, 0, 9230]
[1412, 12640, 0, 9230]
[1413, 12640, 0, 9230]
[1414, 12640, 0, 9394]
[1415, 12640, 0, 9394]
[1416, 12640, 0, 9394]
[1417, 12640, 0, 9394]
[1418, 12640, 0, 9394]
[1419, 12640, 0, 9394]
[1420, 12640, 0, 9394]
[1421, 12640, 0, 9394]
[1422, 12640, 0, 9394]
[1423, 12640, 0, 9394]
[1424, 12640, 0, 9394]
[1425, 12640, 0, 9394]
[1426, 12640, 0, 9394]
[1427, 12640, 0, 9394]
[1428, 12640, 0, 9393]
[1429, 12640, 0, 9393]
[1430, 12640, 0, 9393]
[1431, 12640, 0, 9393]
[1432, 12640, 0, 9353]
[1433, 12640, 0, 9353]
[1434, 12640, 0, 2953]
[1435, 12640, 0, 2953]
[1436, 12640, 0, 2953]
[1437, 12640, 0, 2953]
[1438, 12640, 0, 2953]
[1439, 12640, 0, 2953]
[1440, 12640, 0, 2953]
[1441, 12640, 0, 4553]
[1442, 12640, 0, 4553]
[1443, 12640, 0, 4553]
[1444, 12640, 0, 4389]
[1445, 12640, 0, 4389]
[1446, 12640, 0, 4389]
[1447, 12640, 0, 4389]
[1448, 12640, 0, 4389]
[1449, 12640, 0, 4389]
[1449, 12640, 0, 8430]
[1450, 12640, 0, 8430]
[1451, 12640, 0, 8430]
[1452, 12640, 0, 8430]
[1453, 12640, 0, 8410]
[1454, 12640, 0, 8574]
[1455, 12640, 0, 8574]
[1456, 12640, 0, 8574]
[1457, 12640, 0, 8574]
[1458, 12640, 0, 8574]
[1459, 12640, 0, 8574]
[1460, 12640, 0, 8574]
[1461, 12640, 0, 8574]
[1462, 12640, 0, 8574]
[1463, 12640, 0, 8574]
[1464, 12640, 0, 8574]
[1465, 12640, 0, 8574]
[1466, 12640, 0, 9374]
[1467, 12640, 0, 9374]
[1468, 12640, 0, 9374]
[1469, 12640, 0, 9374]
[1470, 12640, 0, 9374]
[1471, 12640, 0, 9374]
[1472, 12640, 0, 9374]
[1473, 12640, 0, 9374]
[1474, 12640, 0, 9374]
[1475, 12640, 0, 9374]
[1476, 12640, 0, 9374]
[1477, 12640, 0, 9374]
[1478, 12640, 0, 9374]
[1479, 12640, 0, 9374]
[1480, 12640, 0, 9374]
[1481, 12640, 0, 9374]
[1482, 12640, 0, 9374]
[1483, 12640, 0, 9374]
[1484, 12640, 0, 9374]
[1485, 12640, 0, 9374]
[1486, 12640, 0, 9334]
[1487, 12640, 0, 9334]
[1488, 12640, 0, 9334]
[1489, 12640, 0, 9334]
[1490, 12640, 0, 9334]
[1491, 12640, 0, 9334]
[1492, 12640, 0, 2934]
[1493, 12640, 0, 2934]
[1494, 12640, 0, 2934]
[1495, 12640, 0, 2933]
[1496, 12640, 0, 2933]
[1497, 12640, 0, 2933]
[1498, 12640, 0, 2933]
[1499, 12640, 0, 2933]
[1500, 12640, 0, 2933]
[1501, 12640, 0, 2933]
[1502, 12640, 0, 2933]
[1503, 12640, 0, 2933]
[1504, 12640, 0, 2953]
[1505, 12640, 0, 2953]
[1506, 12640, 0, 2789]
[1507, 12640, 0, 2789]
[1508, 12640, 0, 2789]
[1509, 12640, 0, 2789]
[1510, 12640, 0, 2789]
[1511, 12640, 0, 2789]
[1512, 12640, 0, 2789]
[1513, 12640, 0, 2789]
[1514, 12640, 0, 2789]
[1515, 12640, 0, 2789]
[1515, 12640, 0, 8430]
[1516, 12640, 0, 8430]
[1517, 12640, 0, 8430]
[1518, 12640, 0, 8430]
[1519, 12640, 0, 8410]
[1520, 12640, 0, 8574]
[1521, 12640, 0, 8574]
[1522, 12640, 0, 8574]
[1523, 12640, 0, 8574]
[1524, 12640, 0, 8574]
[1525, 12640, 0, 8574]
[1526, 12640, 0, 8574]
[1527, 12640, 0, 8574]
[1528, 12640, 0, 8574]
[1529, 12640, 0, 8574]
[1530, 12640, 0, 8574]
[1531, 12640, 0, 8574]
[1532, 12640, 0, 9374]
[1533, 12640, 0, 9374]
[1534, 12640, 0, 9374]
[1535, 12640, 0, 9334]
[1536, 12640, 0, 9334]
[1537, 12640, 0, 9374]
[1538, 12640, 0, 9334]
[1539, 12640, 0, 9374]
[1540, 12640, 0, 9374]
[1541, 12640, 0, 9374]
[1542, 12640, 0, 9374]
[1543, 12640, 0, 9374]
[1544, 12640, 0, 9374]
[1545, 12640, 0, 9374]
[1546, 12640, 0, 9374]
[1547, 12640, 0, 9374]
[1548, 12640, 0, 9374]
[1549, 12640, 0, 9374]
[1550, 12640, 0, 9374]
[1551, 12640, 0, 9374]
[1552, 12640, 0, 9374]
[1553, 12640, 0, 9374]
[1554, 12640, 0, 9374]
[1555, 12640, 0, 9374]
[1556, 12640, 0, 9374]
[1557, 12640, 0, 9374]
[1558, 12640, 0, 9334]
[1559, 12640, 0, 9334]
[1560, 12640, 0, 9334]
[1561, 12640, 0, 9334]
[1562, 12640, 0, 9334]
[1563, 12640, 0, 9334]
[1564, 12640, 0, 2934]
[1565, 12640, 0, 2934]
[1566, 12640, 0, 2934]
[1567, 12640, 0, 2934]
[1568, 12640, 0, 2933]
[1569, 12640, 0, 2933]
[1570, 12640, 0, 2933]
[1571, 12640, 0, 2933]
[1572, 12640, 0, 2933]
[1573, 12640, 0, 2933]
[1574, 12640, 0, 2933]
[1575, 12640, 0, 2933]
[1576, 12640, 0, 2933]
[1577, 12640, 0, 2953]
[1578, 12640, 0, 2953]
[1579, 12640, 0, 2953]
[1580, 12640, 0, 2953]
[1581, 12640, 0, 2789]
[1582, 12640, 0, 2789]
[1583, 12640, 0, 2789]
[1584, 12640, 0, 2789]
[1585, 12640, 0, 2789]
[1586, 12640, 0, 2789]
[1587, 12640, 0, 2789]
[1588, 12640, 0, 2789]
[1589, 12640, 0, 2789]
[1589, 12640, 0, 8430]
[1590, 12640, 0, 8430]
[1591, 12640, 0, 8410]
[1592, 12640, 0, 8410]
[1593, 12640, 0, 8574]
[1594, 12640, 0, 8574]
[1595, 12640, 0, 8574]
[1596, 12640, 0, 8574]
[1597, 12640, 0, 8574]
[1598, 12640, 0, 8574]
[1599, 12640, 0, 8574]
[1600, 12640, 0, 8574]
[1601, 12640, 0, 8574]
[1602, 12640, 0, 8574]
[1603, 12640, 0, 8574]
[1604, 12640, 0, 8574]
[1605, 12640, 0, 9374]
[1606, 12640, 0, 9374]
[1607, 12640, 0, 9374]
[1608, 12640, 0, 9374]
[1609, 12640, 0, 9334]
[1610, 12640, 0, 9374]
[1611, 12640, 0, 9374]
[1612, 12640, 0, 9374]
[1613, 12640, 0, 9374]
[1614, 12640, 0, 9374]
[1615, 12640, 0, 9374]
[1616, 12640, 0, 9374]
[1617, 12640, 0, 9374]
[1618, 12640, 0, 9374]
[1619, 12640, 0, 9374]
[1620, 12640, 0, 9374]
[1621, 12640, 0, 9374]
[1622, 12640, 0, 9374]
[1623, 12640, 0, 9374]
[1624, 12640, 0, 9374]
[1625, 12640, 0, 9374]
[1626, 12640, 0, 9374]
[1627, 12640, 0, 9374]
[1628, 12640, 0, 9374]
[1629, 12640, 0, 9334]
[1630, 12640, 0, 9334]
[1631, 12640, 0, 9334]
[1632, 12640, 0, 9334]
[1633, 12640, 0, 9334]
[1633, 12640, 0, 9230]
[1634, 12640, 0, 9189]
[1635, 12640, 0, 9189]
[1636, 12640, 0, 9189]
[1637, 12640, 0, 9189]
[1638, 12640, 0, 9189]
[1639, 12640, 0, 9189]
[1640, 12640, 0, 9189]
[1641, 12640, 0, 9189]
[1642, 12640, 0, 9189]
[1643, 12640, 0, 9189]
[1644, 12640, 0, 9189]
[1645, 12640, 0, 9189]
[1646, 12640, 0, 9189]
[1647, 12640, 0, 9189]
[1648, 12640, 0, 9189]
[1649, 12640, 0, 9230]
[1650, 12640, 0, 9189]
[1651, 12640, 0, 9230]
[1652, 12640, 0, 9189]
[1653, 12640, 0, 9189]
[1654, 12640, 0, 9189]
[1655, 12640, 0, 9189]
[1656, 12640, 0, 9230]
[1657, 12640, 0, 9189]
[1658, 12640, 0, 9230]
[1659, 12640, 0, 9189]
[1660, 12640, 0, 9230]
[1661, 12640, 0, 9189]
[1662, 12640, 0, 9189]
[1663, 12640, 0, 9230]
[1664, 12640, 0, 9189]
[1665, 12640, 0, 9230]
[1666, 12640, 0, 9189]
[1667, 12640, 0, 9230]
[1668, 12640, 0, 9189]
[1669, 12640, 0, 9189]
[1670, 12640, 0, 9230]
[1671, 12640, 0, 9189]
[1672, 12640, 0, 9230]
[1673, 12640, 0, 9189]
[1674, 12640, 0, 9230]
[1675, 12640, 0, 9189]
[1676, 12640, 0, 9230]
[1677, 12640, 0, 9230]
[1678, 12640, 0, 9189]
[1679, 12640, 0, 9230]
[1680, 12640, 0, 9189]
[1681, 12640, 0, 9230]
[1682, 12640, 0, 9189]
[1683, 12640, 0, 9230]
[1684, 12640, 0, 9230]
[1685, 12640, 0, 9189]
[1686, 12640, 0, 9230]
[1687, 12640, 0, 9189]
[1688, 12640, 0, 9230]
[1689, 12640, 0, 9230]
[1690, 12640, 0, 9189]
[1691, 12640, 0, 9230]
[1692, 12640, 0, 9189]
[1693, 12640, 0, 9230]
[1694, 12640, 0, 9189]
[1695, 12640, 0, 9189]
[1696, 12640, 0, 9230]
[1697, 12640, 0, 9189]
[1698, 12640, 0, 9230]
[1699, 12640, 0, 9189]
[1700, 12640, 0, 9230]
[1701, 12640, 0, 9230]
[1702, 12640, 0, 9189]
[1703, 12640, 0, 9230]
[1704, 12640, 0, 9189]
[1705, 12640, 0, 9230]
[1706, 12640, 0, 9189]
[1707, 12640, 0, 9230]
[1708, 12640, 0, 9189]
[1709, 12640, 0, 9190]
[1710, 12640, 0, 9190]
[1711, 12640, 0, 9190]
[1712, 12640, 0, 9190]
[1713, 12640, 0, 9190]
[1714, 12640, 0, 9190]
[1715, 12640, 0, 9190]
[1716, 12640, 0, 9190]
[1717, 12640, 0, 9190]
[1718, 12640, 0, 9190]
[1719, 12640, 0, 9190]
[1720, 12640, 0, 9190]
[1721, 12640, 0, 9190]
[1722, 12640, 0, 9190]
[1723, 12640, 0, 9190]
[1724, 12640, 0, 9190]
[1725, 12640, 0, 9190]
[1726, 12640, 0, 9190]
[1727, 12640, 0, 9190]
[1728, 12640, 0, 9190]
[1729, 12640, 0, 9190]
[1730, 12640, 0, 9230]
[1731, 12640, 0, 9230]
[1732, 12640, 0, 9230]
[1733, 12640, 0, 9230]
[1734, 12640, 0, 9230]
[1735, 12640, 0, 9230]
[1736, 12640, 0, 9230]
[1737, 12640, 0, 9230]
[1738, 12640, 0, 9230]
[1739, 12640, 0, 9230]
[1740, 12640, 0, 9394]
[1741, 12640, 0, 9394]
[1742, 12640, 0, 9394]
[1743, 12640, 0, 9394]
[1744, 12640, 0, 9394]
[1745, 12640, 0, 9394]
[1746, 12640, 0, 9394]
[1747, 12640, 0, 9394]
[1748, 12640, 0, 9394]
[1749, 12640, 0, 9394]
[1750, 12640, 0, 9394]
[1751, 12640, 0, 9394]
[1752, 12640, 0, 9393]
[1753, 12640, 0, 9393]
[1754, 12640, 0, 9393]
[1755, 12640, 0, 9393]
[1756, 12640, 0, 9353]
[1757, 12640, 0, 9353]
[1758, 12640, 0, 2953]
[1759, 12640, 0, 2953]
[1760, 12640, 0, 2953]
[1761, 12640, 0, 2953]
[1762, 12640, 0, 2953]
[1763, 12640, 0, 2953]
[1764, 12640, 0, 2953]
[1765, 12640, 0, 4553]
[1766, 12640, 0, 4389]
[1767, 12640, 0, 4389]
[1768, 12640, 0, 4389]
[1769, 12640, 0, 4389]
[1770, 12640, 0, 4389]
[1771, 12640, 0, 4389]
[1771, 12640, 0, 8430]
[1772, 12640, 0, 8430]
[1773, 12640, 0, 8430]
[1774, 12640, 0, 8430]
[1775, 12640, 0, 8594]
[1776, 12640, 0, 8594]
[1777, 12640, 0, 8594]
[1778, 12640, 0, 8594]
[1779, 12640, 0, 8594]
[1780, 12640, 0, 8594]
[1781, 12640, 0, 8574]
[1782, 12640, 0, 8574]
[1783, 12640, 0, 8574]
[1784, 12640, 0, 8574]
[1785, 12640, 0, 8574]
[1786, 12640, 0, 8574]
[1787, 12640, 0, 9374]
[1788, 12640, 0, 9374]
[1789, 12640, 0, 9374]
[1790, 12640, 0, 9334]
[1791, 12640, 0, 9374]
[1792, 12640, 0, 9334]
[1793, 12640, 0, 9374]
[1794, 12640, 0, 9374]
[1795, 12640, 0, 9374]
[1796, 12640, 0, 9374]
[1797, 12640, 0, 9374]
[1798, 12640, 0, 9374]
[1799, 12640, 0, 9374]
[1800, 12640, 0, 9374]
[1801, 12640, 0, 9374]
[1802, 12640, 0, 9374]
[1803, 12640, 0, 9374]
[1804, 12640, 0, 9374]
[1805, 12640, 0, 9374]
[1806, 12640, 0, 9374]
[1807, 12640, 0, 9374]
[1808, 12640, 0, 9334]
[1809, 12640, 0, 9334]
[1810, 12640, 0, 9334]
[1811, 12640, 0, 9334]
[1812, 12640, 0, 9334]
[1813, 12640, 0, 9334]
[1814, 12640, 0, 2934]
[1815, 12640, 0, 2934]
[1816, 12640, 0, 2934]
[1817, 12640, 0, 2933]
[1818, 12640, 0, 2933]
[1819, 12640, 0, 2933]
[1820, 12640, 0, 2933]
[1821, 12640, 0, 2933]
[1822, 12640, 0, 2933]
[1823, 12640, 0, 2933]
[1824, 12640, 0, 2933]
[1825, 12640, 0, 2953]
[1826, 12640, 0, 2953]
[1827, 12640, 0, 2953]
[1828, 12640, 0, 2953]
[1829, 12640, 0, 2953]
[1830, 12640, 0, 2953]
[1831, 12640, 0, 2789]
[1832, 12640, 0, 2789]
[1833, 12640, 0, 2789]
[1834, 12640, 0, 2789]
[1835, 12640, 0, 2789]
[1836, 12640, 0, 2789]
[1837, 12640, 0, 2789]
[1838, 12640, 0, 2789]
[1838, 12640, 0, 8430]
[1839, 12640, 0, 8430]
[1840, 12640, 0, 8430]
[1841, 12640, 0, 8410]
[1842, 12640, 0, 8574]
[1843, 12640, 0, 8574]
[1844, 12640, 0, 8574]
[1845, 12640, 0, 8574]
[1846, 12640, 0, 8574]
[1847, 12640, 0, 8574]
[1848, 12640, 0, 8574]
[1849, 12640, 0, 8574]
[1850, 12640, 0, 8574]
[1851, 12640, 0, 8574]
[1852, 12640, 0, 8574]
[1853, 12640, 0, 8574]
[1854, 12640, 0, 9374]
[1855, 12640, 0, 9374]
[1856, 12640, 0, 9374]
[1857, 12640, 0, 9334]
[1858, 12640, 0, 9374]
[1859, 12640, 0, 9334]
[1860, 12640, 0, 9374]
[1861, 12640, 0, 9374]
[1862, 12640, 0, 9374]
[1863, 12640, 0, 9374]
[1864, 12640, 0, 9374]
[1865, 12640, 0, 9374]
[1866, 12640, 0, 9374]
[1867, 12640, 0, 9374]
[1868, 12640, 0, 9374]
[1869, 12640, 0, 9374]
[1870, 12640, 0, 9374]
[1871, 12640, 0, 9374]
[1872, 12640, 0, 9374]
[1873, 12640, 0, 9374]
[1874, 12640, 0, 9374]
[1875, 12640, 0, 9374]
[1876, 12640, 0, 9334]
[1877, 12640, 0, 9334]
[1878, 12640, 0, 9334]
[1879, 12640, 0, 9334]
[1880, 12640, 0, 9334]
[1881, 12640, 0, 9334]
[1882, 12640, 0, 2934]
[1883, 12640, 0, 2934]
[1884, 12640, 0, 2934]
[1885, 12640, 0, 2933]
[1886, 12640, 0, 2933]
[1887, 12640, 0, 2933]
[1888, 12640, 0, 2933]
[1889, 12640, 0, 2933]
[1890, 12640, 0, 2933]
[1891, 12640, 0, 2933]
[1892, 12640, 0, 2933]
[1893, 12640, 0, 2953]
[1894, 12640, 0, 2953]
[1895, 12640, 0, 2953]
[1896, 12640, 0, 2953]
[1897, 12640, 0, 2953]
[1898, 12640, 0, 2789]
[1899, 12640, 0, 2789]
[1900, 12640, 0, 2789]
[1901, 12640, 0, 2789]
[1902, 12640, 0, 2789]
[1903, 12640, 0, 2789]
[1904, 12640, 0, 2789]
[1905, 12640, 0, 2789]
[1905, 12640, 0, 8430]
[1906, 12640, 0, 8430]
[1907, 12640, 0, 8410]
[1908, 12640, 0, 8410]
[1909, 12640, 0, 8574]
[1910, 12640, 0, 8574]
[1911, 12640, 0, 8574]
[1912, 12640, 0, 8574]
[1913, 12640, 0, 8574]
[1914, 12640, 0, 8574]
[1915, 12640, 0, 8574]
[1916, 12640, 0, 8574]
[1917, 12640, 0, 8574]
[1918, 12640, 0, 8574]
[1919, 12640, 0, 8574]
[1920, 12640, 0, 9374]
[1921, 12640, 0, 9374]
[1922, 12640, 0, 9374]
[1923, 12640, 0, 9334]
[1924, 12640, 0, 9374]
[1925, 12640, 0, 9374]
[1926, 12640, 0, 9374]
[1927, 12640, 0, 9374]
[1928, 12640, 0, 9374]
[1929, 12640, 0, 9334]
[1930, 12640, 0, 9374]
[1931, 12640, 0, 9374]
[1932, 12640, 0, 9374]
[1933, 12640, 0, 9374]
[1934, 12640, 0, 9334]
[1935, 12640, 0, 9374]
[1936, 12640, 0, 9334]
[1937, 12640, 0, 9374]
[1938, 12640, 0, 9374]
[1939, 12640, 0, 9374]
[1940, 12640, 0, 9374]
[1941, 12640, 0, 9374]
[1942, 12640, 0, 9374]
[1943, 12640, 0, 9374]
[1944, 12640, 0, 9374]
[1945, 12640, 0, 9374]
[1946, 12640, 0, 9334]
[1947, 12640, 0, 9334]
[1948, 12640, 0, 9334]
[1949, 12640, 0, 9334]
[1950, 12640, 0, 9334]
[1951, 12640, 0, 9334]
[1952, 12640, 0, 2934]
[1953, 12640, 0, 2934]
[1954, 12640, 0, 2934]
[1955, 12640, 0, 2933]
[1956, 12640, 0, 2933]
[1957, 12640, 0, 2933]
[1958, 12640, 0, 2933]
[1959, 12640, 0, 2933]
[1960, 12640, 0, 2933]
[1961, 12640, 0, 2933]
[1962, 12640, 0, 2933]
[1963, 12640, 0, 2953]
[1964, 12640, 0, 2953]
[1965, 12640, 0, 2953]
[1966, 12640, 0, 2953]
[1967, 12640, 0, 2953]
[1968, 12640, 0, 2953]
[1969, 12640, 0, 2789]
[1970, 12640, 0, 2789]
[1971, 12640, 0, 2789]
[1972, 12640, 0, 2789]
[1973, 12640, 0, 2789]
[1973, 12640, 0, 9354]
[1974, 12640, 0, 9393]
[1975, 12640, 0, 9393]
[1976, 12640, 0, 9393]
[1977, 12640, 0, 9393]
[1978, 12640, 0, 9393]
[1979, 12640, 0, 9393]
[1980, 12640, 0, 9393]
[1981, 12640, 0, 9393]
[1982, 12640, 0, 9393]
[1983, 12640, 0, 9393]
[1984, 12640, 0, 9393]
[1985, 12640, 0, 9353]
[1986, 12640, 0, 9393]
[1987, 12640, 0, 9353]
[1988, 12640, 0, 9393]
[1989, 12640, 0, 9353]
[1990, 12640, 0, 9394]
[1991, 12640, 0, 9353]
[1992, 12640, 0, 9394]
[1993, 12640, 0, 9393]
[1994, 12640, 0, 9394]
[1995, 12640, 0, 9393]
[1996, 12640, 0, 9354]
[1997, 12640, 0, 9393]
[1998, 12640, 0, 9354]
[1999, 12640, 0, 9393]
[2000, 12640, 0, 9354]
[2001, 12640, 0, 9393]
[2002, 12640, 0, 9354]
[2003, 12640, 0, 9393]
[2004, 12640, 0, 9354]
[2005, 12640, 0, 9393]
[2006, 12640, 0, 9354]
[2007, 12640, 0, 9393]
[2008, 12640, 0, 9354]
[2009, 12640, 0, 9393]
[2010, 12640, 0, 9354]
[2011, 12640, 0, 9393]
[2012, 12640, 0, 9354]
[2013, 12640, 0, 9393]
[2014, 12640, 0, 9354]
[2015, 12640, 0, 9393]
[2016, 12640, 0, 9353]
[2017, 12640, 0, 9393]
[2018, 12640, 0, 9354]
[2019, 12640, 0, 9394]
[2020, 12640, 0, 9353]
[2021, 12640, 0, 9353]
[2022, 12640, 0, 9394]
[2023, 12640, 0, 9354]
[2024, 12640, 0, 9393]
[2025, 12640, 0, 9354]
[2026, 12640, 0, 9393]
[2027, 12640, 0, 9354]
[2028, 12640, 0, 9393]
[2029, 12640, 0, 9353]
[2030, 12640, 0, 9393]
[2031, 12640, 0, 9394]
[2032, 12640, 0, 9394]
[2033, 12640, 0, 9354]
[2034, 12640, 0, 9354]
[2035, 12640, 0, 9394]
[2036, 12640, 0, 9354]
[2037, 12640, 0, 9393]
[2038, 12640, 0, 9353]
[2039, 12640, 0, 9393]
[2040, 12640, 0, 9353]
[2041, 12640, 0, 9393]
[2042, 12640, 0, 9353]
[2043, 12640, 0, 9393]
[2044, 12640, 0, 9354]
[2045, 12640, 0, 9394]
[2046, 12640, 0, 9353]
[2047, 12640, 0, 9354]
[2048, 12640, 0, 9394]
[2049, 12640, 0, 9354]
[2050, 12640, 0, 9354]
[2051, 12640, 0, 9354]
[2052, 12640, 0, 9354]
[2053, 12640, 0, 9354]
[2054, 12640, 0, 9354]
[2055, 12640, 0, 9354]
[2056, 12640, 0, 9354]
[2057, 12640, 0, 9354]
[2058, 12640, 0, 9190]
[2059, 12640, 0, 9190]
[2060, 12640, 0, 9190]
[2061, 12640, 0, 9190]
[2062, 12640, 0, 9190]
[2063, 12640, 0, 9190]
[2064, 12640, 0, 9190]
[2065, 12640, 0, 9190]
[2066, 12640, 0, 9190]
[2067, 12640, 0, 9190]
[2068, 12640, 0, 9190]
[2069, 12640, 0, 9230]
[2070, 12640, 0, 9230]
[2071, 12640, 0, 9230]
[2072, 12640, 0, 9230]
[2073, 12640, 0, 9230]
[2074, 12640, 0, 9230]
[2075, 12640, 0, 9230]
[2076, 12640, 0, 9394]
[2077, 12640, 0, 9394]
[2078, 12640, 0, 9394]
[2079, 12640, 0, 9394]
[2080, 12640, 0, 9394]
[2081, 12640, 0, 9394]
[2082, 12640, 0, 9394]
[2083, 12640, 0, 9394]
[2084, 12640, 0, 9394]
[2085, 12640, 0, 9394]
[2086, 12640, 0, 9394]
[2087, 12640, 0, 9394]
[2088, 12640, 0, 9393]
[2089, 12640, 0, 9393]
[2090, 12640, 0, 9393]
[2091, 12640, 0, 9353]
[2092, 12640, 0, 9353]
[2093, 12640, 0, 2953]
[2094, 12640, 0, 2953]
[2095, 12640, 0, 2953]
[2096, 12640, 0, 2953]
[2097, 12640, 0, 2953]
[2098, 12640, 0, 2953]
[2099, 12640, 0, 4389]
[2100, 12640, 0, 4389]
[2101, 12640, 0, 4389]
[2102, 12640, 0, 4389]
[2103, 12640, 0, 4389]
[2104, 12640, 0, 4389]
[2104, 12640, 0, 8430]
[2105, 12640, 0, 8430]
[2106, 12640, 0, 8410]
[2107, 12640, 0, 8410]
[2108, 12640, 0, 8574]
[2109, 12640, 0, 8574]
[2110, 12640, 0, 8574]
[2111, 12640, 0, 8574]
[2112, 12640, 0, 8574]
[2113, 12640, 0, 8574]
[2114, 12640, 0, 8574]
[2115, 12640, 0, 8574]
[2116, 12640, 0, 8574]
[2117, 12640, 0, 8574]
[2118, 12640, 0, 8574]
[2119, 12640, 0, 9374]
[2120, 12640, 0, 9374]
[2121, 12640, 0, 9374]
[2122, 12640, 0, 9334]
[2123, 12640, 0, 9374]
[2124, 12640, 0, 9334]
[2125, 12640, 0, 9334]
[2126, 12640, 0, 9334]
[2127, 12640, 0, 9334]
[2128, 12640, 0, 9334]
[2129, 12640, 0, 9334]
[2130, 12640, 0, 9334]
[2131, 12640, 0, 9334]
[2132, 12640, 0, 9334]
[2133, 12640, 0, 9334]
[2134, 12640, 0, 9334]
[2135, 12640, 0, 9374]
[2136, 12640, 0, 9374]
[2137, 12640, 0, 9374]
[2138, 12640, 0, 9374]
[2139, 12640, 0, 9374]
[2140, 12640, 0, 9374]
[2141, 12640, 0, 9334]
[2142, 12640, 0, 9334]
[2143, 12640, 0, 9334]
[2144, 12640, 0, 9334]
[2145, 12640, 0, 9334]
[2146, 12640, 0, 2934]
[2147, 12640, 0, 2934]
[2148, 12640, 0, 2934]
[2149, 12640, 0, 2934]
[2150, 12640, 0, 2934]
[2151, 12640, 0, 2934]
[2152, 12640, 0, 2934]
[2153, 12640, 0, 2933]
[2154, 12640, 0, 2933]
[2155, 12640, 0, 2933]
[2156, 12640, 0, 2933]
[2157, 12640, 0, 2933]
[2158, 12640, 0, 2954]
[2159, 12640, 0, 2954]
[2160, 12640, 0, 2953]
[2161, 12640, 0, 2953]
[2162, 12640, 0, 2953]
[2163, 12640, 0, 2953]
[2164, 12640, 0, 2789]
[2165, 12640, 0, 2789]
[2166, 12640, 0, 2789]
[2167, 12640, 0, 2789]
[2168, 12640, 0, 2789]
[2169, 12640, 0, 2789]
[2170, 12640, 0, 2789]
[2170, 12640, 0, 8430]
[2171, 12640, 0, 8410]
[2172, 12640, 0, 8410]
[2173, 12640, 0, 8410]
[2174, 12640, 0, 8574]
[2175, 12640, 0, 8574]
[2176, 12640, 0, 8574]
[2177, 12640, 0, 8574]
[2178, 12640, 0, 8574]
[2179, 12640, 0, 8574]
[2180, 12640, 0, 8574]
[2181, 12640, 0, 8574]
[2182, 12640, 0, 8574]
[2183, 12640, 0, 8574]
[2184, 12640, 0, 9374]
[2185, 12640, 0, 9374]
[2186, 12640, 0, 9374]
[2187, 12640, 0, 9334]
[2188, 12640, 0, 9374]
[2189, 12640, 0, 9334]
[2190, 12640, 0, 9334]
[2191, 12640, 0, 9334]
[2192, 12640, 0, 9334]
[2193, 12640, 0, 9334]
[2194, 12640, 0, 9334]
[2195, 12640, 0, 9334]
[2196, 12640, 0, 9334]
[2197, 12640, 0, 9374]
[2198, 12640, 0, 9374]
[2199, 12640, 0, 9374]
[2200, 12640, 0, 9374]
[2201, 12640, 0, 9374]
[2202, 12640, 0, 9374]
[2203, 12640, 0, 9374]
[2204, 12640, 0, 9374]
[2205, 12640, 0, 9374]
[2206, 12640, 0, 9334]
[2207, 12640, 0, 9334]
[2208, 12640, 0, 9334]
[2209, 12640, 0, 9334]
[2210, 12640, 0, 9334]
[2211, 12640, 0, 9334]
[2212, 12640, 0, 2934]
[2213, 12640, 0, 2934]
[2214, 12640, 0, 2933]
[2215, 12640, 0, 2933]
[2216, 12640, 0, 2933]
[2217, 12640, 0, 2933]
[2218, 12640, 0, 2933]
[2219, 12640, 0, 2933]
[2220, 12640, 0, 2933]
[2221, 12640, 0, 2933]
[2222, 12640, 0, 2953]
[2223, 12640, 0, 2953]
[2224, 12640, 0, 2953]
[2225, 12640, 0, 2953]
[2226, 12640, 0, 2789]
[2227, 12640, 0, 2789]
[2228, 12640, 0, 2789]
[2229, 12640, 0, 2789]
[2230, 12640, 0, 2789]
[2231, 12640, 0, 2789]
[2232, 12640, 0, 2789]
[2233, 12640, 0, 2789]
[2233, 12640, 0, 8430]
[2234, 12640, 0, 8410]
[2235, 12640, 0, 8410]
[2236, 12640, 0, 8410]
[2237, 12640, 0, 8574]
[2238, 12640, 0, 8574]
[2239, 12640, 0, 8574]
[2240, 12640, 0, 8574]
[2241, 12640, 0, 8574]
[2242, 12640, 0, 8574]
[2243, 12640, 0, 8574]
[2244, 12640, 0, 8574]
[2245, 12640, 0, 8574]
[2246, 12640, 0, 8574]
[2247, 12640, 0, 9374]
[2248, 12640, 0, 9374]
[2249, 12640, 0, 9374]
[2250, 12640, 0, 9334]
[2251, 12640, 0, 9374]
[2252, 12640, 0, 9334]
[2253, 12640, 0, 9374]
[2254, 12640, 0, 9374]
[2255, 12640, 0, 9334]
[2256, 12640, 0, 9334]
[2257, 12640, 0, 9334]
[2258, 12640, 0, 9334]
[2259, 12640, 0, 9334]
[2260, 12640, 0, 9334]
[2261, 12640, 0, 9334]
[2262, 12640, 0, 9374]
[2263, 12640, 0, 9374]
[2264, 12640, 0, 9374]
[2265, 12640, 0, 9374]
[2266, 12640, 0, 9374]
[2267, 12640, 0, 9374]
[2268, 12640, 0, 9334]
[2269, 12640, 0, 9334]
[2270, 12640, 0, 9334]
[2271, 12640, 0, 9334]
[2272, 12640, 0, 9334]
[2273, 12640, 0, 9334]
[2274, 12640, 0, 2934]
[2275, 12640, 0, 2934]
[2276, 12640, 0, 2934]
[2277, 12640, 0, 2934]
[2278, 12640, 0, 2934]
[2279, 12640, 0, 2933]
[2280, 12640, 0, 2933]
[2281, 12640, 0, 2933]
[2282, 12640, 0, 2933]
[2283, 12640, 0, 2933]
[2284, 12640, 0, 2933]
[2285, 12640, 0, 2953]
[2286, 12640, 0, 2953]
[2287, 12640, 0, 2953]
[2288, 12640, 0, 2953]
[2289, 12640, 0, 2953]
[2290, 12640, 0, 2953]
[2291, 12640, 0, 2789]
[2292, 12640, 0, 2789]
[2293, 12640, 0, 2789]
[2294, 12640, 0, 2789]
[2295, 12640, 0, 2789]
[2296, 12640, 0, 2789]
[2297, 12640, 0, 2789]
[2297, 12640, 0, 9230]
[2298, 12640, 0, 9189]
[2299, 12640, 0, 9189]
[2300, 12640, 0, 9189]
[2301, 12640, 0, 9189]
[2302, 12640, 0, 9189]
[2303, 12640, 0, 9189]
[2304, 12640, 0, 9189]
[2305, 12640, 0, 9189]
[2306, 12640, 0, 9189]
[2307, 12640, 0, 9189]
[2308, 12640, 0, 9189]
[2309, 12640, 0, 9189]
[2310, 12640, 0, 9189]
[2311, 12640, 0, 9230]
[2312, 12640, 0, 9230]
[2313, 12640, 0, 9189]
[2314, 12640, 0, 9230]
[2315, 12640, 0, 9189]
[2316, 12640, 0, 9230]
[2317, 12640, 0, 9189]
[2318, 12640, 0, 9230]
[2319, 12640, 0, 9189]
[2320, 12640, 0, 9230]
[2321, 12640, 0, 9189]
[2322, 12640, 0, 9230]
[2323, 12640, 0, 9189]
[2324, 12640, 0, 9230]
[2325, 12640, 0, 9189]
[2326, 12640, 0, 9230]
[2327, 12640, 0, 9189]
[2328, 12640, 0, 9230]
[2329, 12640, 0, 9189]
[2330, 12640, 0, 9230]
[2331, 12640, 0, 9189]
[2332, 12640, 0, 9230]
[2333, 12640, 0, 9189]
[2334, 12640, 0, 9230]
[2335, 12640, 0, 9189]
[2336, 12640, 0, 9230]
[2337, 12640, 0, 9189]
[2338, 12640, 0, 9229]
[2339, 12640, 0, 9229]
[2340, 12640, 0, 9230]
[2341, 12640, 0, 9230]
[2342, 12640, 0, 9230]
[2343, 12640, 0, 9230]
[2344, 12640, 0, 9230]
[2345, 12640, 0, 9230]
[2346, 12640, 0, 9229]
[2347, 12640, 0, 9230]
[2348, 12640, 0, 9229]
[2349, 12640, 0, 9230]
[2350, 12640, 0, 9229]
[2351, 12640, 0, 9230]
[2352, 12640, 0, 9229]
[2353, 12640, 0, 9230]
[2354, 12640, 0, 9230]
[2355, 12640, 0, 9230]
[2356, 12640, 0, 9189]
[2357, 12640, 0, 9230]
[2358, 12640, 0, 9230]
[2359, 12640, 0, 9230]
[2360, 12640, 0, 9189]
[2361, 12640, 0, 9230]
[2362, 12640, 0, 9189]
[2363, 12640, 0, 9230]
[2364, 12640, 0, 9230]
[2365, 12640, 0, 9230]
[2366, 12640, 0, 9189]
[2367, 12640, 0, 9230]
[2368, 12640, 0, 9189]
[2369, 12640, 0, 9230]
[2370, 12640, 0, 9189]
[2371, 12640, 0, 9189]
[2372, 12640, 0, 9230]
[2373, 12640, 0, 9230]
[2374, 12640, 0, 9230]
[2375, 12640, 0, 9230]
[2376, 12640, 0, 9190]
[2377, 12640, 0, 9190]
[2378, 12640, 0, 9190]
[2379, 12640, 0, 9190]
[2380, 12640, 0, 9190]
[2381, 12640, 0, 9190]
[2382, 12640, 0, 9190]
[2383, 12640, 0, 9190]
[2384, 12640, 0, 9190]
[2385, 12640, 0, 9190]
[2386, 12640, 0, 9230]
[2387, 12640, 0, 9230]
[2388, 12640, 0, 9230]
[2389, 12640, 0, 9230]
[2390, 12640, 0, 9230]
[2391, 12640, 0, 9230]
[2392, 12640, 0, 9230]
[2393, 12640, 0, 9230]
[2394, 12640, 0, 9394]
[2395, 12640, 0, 9394]
[2396, 12640, 0, 9394]
[2397, 12640, 0, 9394]
[2398, 12640, 0, 9394]
[2399, 12640, 0, 9394]
[2400, 12640, 0, 9394]
[2401, 12640, 0, 9394]
[2402, 12640, 0, 9394]
[2403, 12640, 0, 9394]
[2404, 12640, 0, 9394]
[2405, 12640, 0, 9394]
[2406, 12640, 0, 9393]
[2407, 12640, 0, 9393]
[2408, 12640, 0, 9353]
[2409, 12640, 0, 9353]
[2410, 12640, 0, 9353]
[2411, 12640, 0, 2953]
[2412, 12640, 0, 2953]
[2413, 12640, 0, 2953]
[2414, 12640, 0, 2953]
[2415, 12640, 0, 2789]
[2416, 12640, 0, 2789]
[2417, 12640, 0, 2789]
[2418, 12640, 0, 4389]
[2419, 12640, 0, 4389]
[2420, 12640, 0, 4389]
[2421, 12640, 0, 4389]
[2421, 12640, 0, 8430]
[2421, 12640, 0, 8410]
[2422, 12640, 0, 8410]
[2423, 12640, 0, 8410]
[2424, 12640, 0, 8574]
[2425, 12640, 0, 8574]
[2426, 12640, 0, 8574]
[2427, 12640, 0, 8574]
[2428, 12640, 0, 8574]
[2429, 12640, 0, 8574]
[2430, 12640, 0, 8574]
[2431, 12640, 0, 8574]
[2432, 12640, 0, 8574]
[2433, 12640, 0, 8574]
[2434, 12640, 0, 8573]
[2435, 12640, 0, 9374]
[2436, 12640, 0, 9374]
[2437, 12640, 0, 9334]
[2438, 12640, 0, 9374]
[2439, 12640, 0, 9334]
[2440, 12640, 0, 9374]
[2441, 12640, 0, 9334]
[2442, 12640, 0, 9374]
[2443, 12640, 0, 9374]
[2444, 12640, 0, 9374]
[2445, 12640, 0, 9334]
[2446, 12640, 0, 9374]
[2447, 12640, 0, 9334]
[2448, 12640, 0, 9334]
[2449, 12640, 0, 9334]
[2450, 12640, 0, 9374]
[2451, 12640, 0, 9374]
[2452, 12640, 0, 9374]
[2453, 12640, 0, 9334]
[2454, 12640, 0, 9374]
[2455, 12640, 0, 9334]
[2456, 12640, 0, 9334]
[2457, 12640, 0, 9334]
[2458, 12640, 0, 9334]
[2459, 12640, 0, 9334]
[2460, 12640, 0, 9334]
[2461, 12640, 0, 2934]
[2462, 12640, 0, 2934]
[2463, 12640, 0, 2934]
[2464, 12640, 0, 2934]
[2465, 12640, 0, 2934]
[2466, 12640, 0, 2933]
[2467, 12640, 0, 2933]
[2468, 12640, 0, 2933]
[2469, 12640, 0, 2933]
[2470, 12640, 0, 2933]
[2471, 12640, 0, 2933]
[2472, 12640, 0, 2933]
[2473, 12640, 0, 2953]
[2474, 12640, 0, 2953]
[2475, 12640, 0, 2953]
[2476, 12640, 0, 2953]
[2477, 12640, 0, 2789]
[2478, 12640, 0, 2789]
[2479, 12640, 0, 2789]
[2480, 12640, 0, 2789]
[2481, 12640, 0, 2789]
[2482, 12640, 0, 2789]
[2483, 12640, 0, 2789]
[2483, 12640, 0, 8410]
[2483, 12640, 0, 8410]
[2484, 12640, 0, 8410]
[2485, 12640, 0, 8410]
[2486, 12640, 0, 8574]
[2487, 12640, 0, 8574]
[2488, 12640, 0, 8574]
[2489, 12640, 0, 8574]
[2490, 12640, 0, 8574]
[2491, 12640, 0, 8574]
[2492, 12640, 0, 8574]
[2493, 12640, 0, 8574]
[2494, 12640, 0, 8573]
[2495, 12640, 0, 8574]
[2496, 12640, 0, 9374]
[2497, 12640, 0, 9374]
[2498, 12640, 0, 9334]
[2499, 12640, 0, 9374]
[2500, 12640, 0, 9334]
[2501, 12640, 0, 9374]
[2502, 12640, 0, 9334]
[2503, 12640, 0, 9334]
[2504, 12640, 0, 9334]
[2505, 12640, 0, 9334]
[2506, 12640, 0, 9334]
[2507, 12640, 0, 9334]
[2508, 12640, 0, 9334]
[2509, 12640, 0, 9374]
[2510, 12640, 0, 9374]
[2511, 12640, 0, 9374]
[2512, 12640, 0, 9374]
[2513, 12640, 0, 9374]
[2514, 12640, 0, 9374]
[2515, 12640, 0, 9334]
[2516, 12640, 0, 9374]
[2517, 12640, 0, 9374]
[2518, 12640, 0, 9334]
[2519, 12640, 0, 9334]
[2520, 12640, 0, 2934]
[2521, 12640, 0, 2934]
[2522, 12640, 0, 2934]
[2523, 12640, 0, 2934]
[2524, 12640, 0, 2934]
[2525, 12640, 0, 2934]
[2526, 12640, 0, 2934]
[2527, 12640, 0, 2934]
[2528, 12640, 0, 2933]
[2529, 12640, 0, 2933]
[2530, 12640, 0, 2933]
[2531, 12640, 0, 2933]
[2532, 12640, 0, 2953]
[2533, 12640, 0, 2953]
[2534, 12640, 0, 2953]
[2535, 12640, 0, 2953]
[2536, 12640, 0, 2953]
[2537, 12640, 0, 2953]
[2538, 12640, 0, 2789]
[2539, 12640, 0, 2789]
[2540, 12640, 0, 2789]
[2541, 12640, 0, 2789]
[2542, 12640, 0, 2789]
[2543, 12640, 0, 2789]
[2543, 12640, 0, 8430]
[2544, 12640, 0, 8410]
[2545, 12640, 0, 8410]
[2546, 12640, 0, 8574]
[2547, 12640, 0, 8574]
[2548, 12640, 0, 8574]
[2549, 12640, 0, 8574]
[2550, 12640, 0, 8574]
[2551, 12640, 0, 8574]
[2552, 12640, 0, 8574]
[2553, 12640, 0, 8574]
[2554, 12640, 0, 8574]
[2555, 12640, 0, 8574]
[2556, 12640, 0, 8574]
[2557, 12640, 0, 9374]
[2558, 12640, 0, 9374]
[2559, 12640, 0, 9374]
[2560, 12640, 0, 9374]
[2561, 12640, 0, 9374]
[2562, 12640, 0, 9374]
[2563, 12640, 0, 9374]
[2564, 12640, 0, 9374]
[2565, 12640, 0, 9374]
[2566, 12640, 0, 9374]
[2567, 12640, 0, 9374]
[2568, 12640, 0, 9374]
[2569, 12640, 0, 9374]
[2570, 12640, 0, 9374]
[2571, 12640, 0, 9374]
[2572, 12640, 0, 9374]
[2573, 12640, 0, 9374]
[2574, 12640, 0, 9334]
[2575, 12640, 0, 9334]
[2576, 12640, 0, 9334]
[2577, 12640, 0, 9334]
[2578, 12640, 0, 9334]
[2579, 12640, 0, 2934]
[2580, 12640, 0, 2934]
[2581, 12640, 0, 2934]
[2582, 12640, 0, 2934]
[2583, 12640, 0, 2934]
[2584, 12640, 0, 2934]
[2585, 12640, 0, 2933]
[2586, 12640, 0, 2933]
[2587, 12640, 0, 2933]
[2588, 12640, 0, 2933]
[2589, 12640, 0, 2933]
[2590, 12640, 0, 2933]
[2591, 12640, 0, 2933]
[2592, 12640, 0, 2933]
[2593, 12640, 0, 2789]
[2594, 12640, 0, 2789]
[2595, 12640, 0, 2789]
[2596, 12640, 0, 2789]
[2597, 12640, 0, 2789]
[2598, 12640, 0, 2789]
[2599, 12640, 0, 2789]
[2600, 12640, 0, 2789]
[2601, 12640, 0, 2789]
[2601, 12640, 0, 8410]
[2602, 12640, 0, 8410]
[2603, 12640, 0, 8410]
[2604, 12640, 0, 8574]
[2605, 12640, 0, 8574]
[2606, 12640, 0, 8574]
[2607, 12640, 0, 8574]
[2608, 12640, 0, 8574]
[2609, 12640, 0, 8574]
[2610, 12640, 0, 8574]
[2611, 12640, 0, 8574]
[2612, 12640, 0, 8574]
[2613, 12640, 0, 8574]
[2613, 12640, 0, 9230]
[2614, 12640, 0, 9189]
[2615, 12640, 0, 9189]
[2616, 12640, 0, 9189]
[2617, 12640, 0, 9189]
[2618, 12640, 0, 9189]
[2619, 12640, 0, 9189]
[2620, 12640, 0, 9189]
[2621, 12640, 0, 9189]
[2622, 12640, 0, 9189]
[2623, 12640, 0, 9189]
[2624, 12640, 0, 9189]
[2625, 12640, 0, 9189]
[2626, 12640, 0, 9189]
[2627, 12640, 0, 9230]
[2628, 12640, 0, 9189]
[2629, 12640, 0, 9230]
[2630, 12640, 0, 9189]
[2631, 12640, 0, 9230]
[2632, 12640, 0, 9189]
[2633, 12640, 0, 9230]
[2634, 12640, 0, 9189]
[2635, 12640, 0, 9189]
[2636, 12640, 0, 9230]
[2637, 12640, 0, 9189]
[2638, 12640, 0, 9230]
[2639, 12640, 0, 9189]
[2640, 12640, 0, 9230]
[2641, 12640, 0, 9189]
[2642, 12640, 0, 9230]
[2643, 12640, 0, 9189]
[2644, 12640, 0, 9230]
[2645, 12640, 0, 9230]
[2646, 12640, 0, 9189]
[2647, 12640, 0, 9230]
[2648, 12640, 0, 9189]
[2649, 12640, 0, 9230]
[2650, 12640, 0, 9189]
[2651, 12640, 0, 9230]
[2652, 12640, 0, 9189]
[2653, 12640, 0, 9230]
[2654, 12640, 0, 9189]
[2655, 12640, 0, 9230]
[2656, 12640, 0, 9189]
[2657, 12640, 0, 9230]
[2658, 12640, 0, 9189]
[2659, 12640, 0, 9230]
[2660, 12640, 0, 9189]
[2661, 12640, 0, 9230]
[2662, 12640, 0, 9189]
[2663, 12640, 0, 9189]
[2664, 12640, 0, 9230]
[2665, 12640, 0, 9230]
[2666, 12640, 0, 9230]
[2667, 12640, 0, 9189]
[2668, 12640, 0, 9230]
[2669, 12640, 0, 9189]
[2670, 12640, 0, 9230]
[2671, 12640, 0, 9189]
[2672, 12640, 0, 9230]
[2673, 12640, 0, 9189]
[2674, 12640, 0, 9230]
[2675, 12640, 0, 9189]
[2676, 12640, 0, 9230]
[2677, 12640, 0, 9189]
[2678, 12640, 0, 9230]
[2679, 12640, 0, 9189]
[2680, 12640, 0, 9230]
[2681, 12640, 0, 9189]
[2682, 12640, 0, 9230]
[2683, 12640, 0, 9189]
[2684, 12640, 0, 9230]
[2685, 12640, 0, 9189]
[2686, 12640, 0, 9230]
[2687, 12640, 0, 9189]
[2688, 12640, 0, 9230]
[2689, 12640, 0, 9230]
[2690, 12640, 0, 9190]
[2691, 12640, 0, 9230]
[2692, 12640, 0, 9190]
[2693, 12640, 0, 9190]
[2694, 12640, 0, 9190]
[2695, 12640, 0, 9190]
[2696, 12640, 0, 9190]
[2697, 12640, 0, 9190]
[2698, 12640, 0, 9230]
[2699, 12640, 0, 9230]
[2700, 12640, 0, 9230]
[2701, 12640, 0, 9230]
[2702, 12640, 0, 9230]
[2703, 12640, 0, 9230]
[2704, 12640, 0, 9230]
[2705, 12640, 0, 9230]
[2706, 12640, 0, 9230]
[2707, 12640, 0, 9394]
[2708, 12640, 0, 9394]
[2709, 12640, 0, 9394]
[2710, 12640, 0, 9394]
[2711, 12640, 0, 9394]
[2712, 12640, 0, 9394]
[2713, 12640, 0, 9394]
[2714, 12640, 0, 9394]
[2715, 12640, 0, 9394]
[2716, 12640, 0, 9394]
[2717, 12640, 0, 9394]
[2718, 12640, 0, 9394]
[2719, 12640, 0, 9393]
[2720, 12640, 0, 9353]
[2721, 12640, 0, 9353]
[2722, 12640, 0, 9353]
[2723, 12640, 0, 2953]
[2724, 12640, 0, 2953]
[2725, 12640, 0, 2953]
[2726, 12640, 0, 2953]
[2727, 12640, 0, 2953]
[2728, 12640, 0, 2953]
[2729, 12640, 0, 4389]
[2730, 12640, 0, 4389]
[2731, 12640, 0, 4389]
[2732, 12640, 0, 4389]
[2733, 12640, 0, 4389]
[2733, 12640, 0, 8410]
[2734, 12640, 0, 8410]
[2735, 12640, 0, 8410]
[2736, 12640, 0, 8574]
[2737, 12640, 0, 8574]
[2738, 12640, 0, 8574]
[2739, 12640, 0, 8574]
[2740, 12640, 0, 8574]
[2741, 12640, 0, 8574]
[2742, 12640, 0, 8574]
[2743, 12640, 0, 8574]
[2744, 12640, 0, 8574]
[2745, 12640, 0, 9373]
[2746, 12640, 0, 9373]
[2747, 12640, 0, 9373]
[2748, 12640, 0, 9333]
[2749, 12640, 0, 9334]
[2750, 12640, 0, 9334]
[2751, 12640, 0, 9334]
[2752, 12640, 0, 9334]
[2753, 12640, 0, 9334]
[2754, 12640, 0, 9334]
[2755, 12640, 0, 9374]
[2756, 12640, 0, 9374]
[2757, 12640, 0, 9374]
[2758, 12640, 0, 9374]
[2759, 12640, 0, 9374]
[2760, 12640, 0, 9374]
[2761, 12640, 0, 9374]
[2762, 12640, 0, 9374]
[2763, 12640, 0, 9374]
[2764, 12640, 0, 9334]
[2765, 12640, 0, 9334]
[2766, 12640, 0, 9334]
[2767, 12640, 0, 9334]
[2768, 12640, 0, 9334]
[2769, 12640, 0, 9334]
[2770, 12640, 0, 9334]
[2771, 12640, 0, 2934]
[2772, 12640, 0, 2934]
[2773, 12640, 0, 2934]
[2774, 12640, 0, 2934]
[2775, 12640, 0, 2934]
[2776, 12640, 0, 2934]
[2777, 12640, 0, 2934]
[2778, 12640, 0, 2934]
[2779, 12640, 0, 2934]
[2780, 12640, 0, 2934]
[2781, 12640, 0, 2934]
[2782, 12640, 0, 2954]
[2783, 12640, 0, 2954]
[2784, 12640, 0, 2953]
[2785, 12640, 0, 2953]
[2786, 12640, 0, 2953]
[2787, 12640, 0, 2953]
[2788, 12640, 0, 2953]
[2789, 12640, 0, 2789]
[2790, 12640, 0, 2789]
[2791, 12640, 0, 2789]
[2792, 12640, 0, 2789]
[2793, 12640, 0, 2789]
[2794, 12640, 0, 2789]
[2794, 12640, 0, 8410]
[2795, 12640, 0, 8410]
[2796, 12640, 0, 8410]
[2797, 12640, 0, 8574]
[2798, 12640, 0, 8574]
[2799, 12640, 0, 8574]
[2800, 12640, 0, 8574]
[2801, 12640, 0, 8574]
[2802, 12640, 0, 8574]
[2803, 12640, 0, 8574]
[2804, 12640, 0, 8573]
[2805, 12640, 0, 8574]
[2806, 12640, 0, 9374]
[2807, 12640, 0, 9374]
[2808, 12640, 0, 9373]
[2809, 12640, 0, 9334]
[2810, 12640, 0, 9374]
[2811, 12640, 0, 9334]
[2812, 12640, 0, 9334]
[2813, 12640, 0, 9334]
[2814, 12640, 0, 9334]
[2815, 12640, 0, 9334]
[2816, 12640, 0, 9334]
[2817, 12640, 0, 9334]
[2818, 12640, 0, 9334]
[2819, 12640, 0, 9374]
[2820, 12640, 0, 9374]
[2821, 12640, 0, 9374]
[2822, 12640, 0, 9374]
[2823, 12640, 0, 9334]
[2824, 12640, 0, 9374]
[2825, 12640, 0, 9334]
[2826, 12640, 0, 9334]
[2827, 12640, 0, 9374]
[2828, 12640, 0, 9334]
[2829, 12640, 0, 9334]
[2830, 12640, 0, 9334]
[2831, 12640, 0, 2934]
[2832, 12640, 0, 2934]
[2833, 12640, 0, 2934]
[2834, 12640, 0, 2934]
[2835, 12640, 0, 2934]
[2836, 12640, 0, 2934]
[2837, 12640, 0, 2934]
[2838, 12640, 0, 2934]
[2839, 12640, 0, 2934]
[2840, 12640, 0, 2934]
[2841, 12640, 0, 2934]
[2842, 12640, 0, 2954]
[2843, 12640, 0, 2954]
[2844, 12640, 0, 2954]
[2845, 12640, 0, 2953]
[2846, 12640, 0, 2953]
[2847, 12640, 0, 2953]
[2848, 12640, 0, 2953]
[2849, 12640, 0, 2789]
[2850, 12640, 0, 2789]
[2851, 12640, 0, 2789]
[2852, 12640, 0, 2789]
[2853, 12640, 0, 2789]
[2854, 12640, 0, 2789]
[2855, 12640, 0, 2789]
[2855, 12640, 0, 8410]
[2856, 12640, 0, 8410]
[2857, 12640, 0, 8410]
[2858, 12640, 0, 8574]
[2859, 12640, 0, 8574]
[2860, 12640, 0, 8574]
[2861, 12640, 0, 8574]
[2862, 12640, 0, 8574]
[2863, 12640, 0, 8574]
[2864, 12640, 0, 8574]
[2865, 12640, 0, 8573]
[2866, 12640, 0, 8573]
[2867, 12640, 0, 9373]
[2868, 12640, 0, 9373]
[2869, 12640, 0, 9333]
[2870, 12640, 0, 9333]
[2871, 12640, 0, 9374]
[2872, 12640, 0, 9374]
[2873, 12640, 0, 9374]
[2874, 12640, 0, 9374]
[2875, 12640, 0, 9374]
[2876, 12640, 0, 9374]
[2877, 12640, 0, 9374]
[2878, 12640, 0, 9374]
[2879, 12640, 0, 9334]
[2880, 12640, 0, 9374]
[2881, 12640, 0, 9374]
[2882, 12640, 0, 9334]
[2883, 12640, 0, 9374]
[2884, 12640, 0, 9334]
[2885, 12640, 0, 9334]
[2886, 12640, 0, 9334]
[2887, 12640, 0, 9334]
[2888, 12640, 0, 9334]
[2889, 12640, 0, 9334]
[2890, 12640, 0, 9334]
[2891, 12640, 0, 9334]
[2892, 12640, 0, 2934]
[2893, 12640, 0, 2934]
[2894, 12640, 0, 2934]
[2895, 12640, 0, 2934]
[2896, 12640, 0, 2934]
[2897, 12640, 0, 2934]
[2898, 12640, 0, 2934]
[2899, 12640, 0, 2934]
[2900, 12640, 0, 2934]
[2901, 12640, 0, 2934]
[2902, 12640, 0, 2934]
[2903, 12640, 0, 2934]
[2904, 12640, 0, 2953]
[2905, 12640, 0, 2953]
[2906, 12640, 0, 2953]
[2907, 12640, 0, 2953]
[2908, 12640, 0, 2953]
[2909, 12640, 0, 2953]
[2910, 12640, 0, 2789]
[2911, 12640, 0, 2789]
[2912, 12640, 0, 2789]
[2913, 12640, 0, 2789]
[2914, 12640, 0, 2789]
[2915, 12640, 0, 2789]
[2915, 12640, 0, 8410]
[2916, 12640, 0, 8410]
[2917, 12640, 0, 8410]
[2918, 12640, 0, 8574]
[2919, 12640, 0, 8574]
[2920, 12640, 0, 8574]
[2921, 12640, 0, 8574]
[2922, 12640, 0, 8574]
[2923, 12640, 0, 8574]
[2924, 12640, 0, 8574]
[2925, 12640, 0, 8573]
[2926, 12640, 0, 8573]
[2927, 12640, 0, 9373]
[2928, 12640, 0, 9373]
[2929, 12640, 0, 9333]
[2930, 12640, 0, 9334]
[2931, 12640, 0, 9334]
[2932, 12640, 0, 9334]
[2933, 12640, 0, 9334]
[2934, 12640, 0, 9334]
[2935, 12640, 0, 9334]
[2935, 12640, 0, 9230]
[2936, 12640, 0, 9189]
[2937, 12640, 0, 9189]
[2938, 12640, 0, 9189]
[2939, 12640, 0, 9189]
[2940, 12640, 0, 9189]
[2941, 12640, 0, 9189]
[2942, 12640, 0, 9189]
[2943, 12640, 0, 9189]
[2944, 12640, 0, 9189]
[2945, 12640, 0, 9189]
[2946, 12640, 0, 9230]
[2947, 12640, 0, 9189]
[2948, 12640, 0, 9189]
[2949, 12640, 0, 9230]
[2950, 12640, 0, 9189]
[2951, 12640, 0, 9230]
[2952, 12640, 0, 9229]
[2953, 12640, 0, 9189]
[2954, 12640, 0, 9230]
[2955, 12640, 0, 9189]
[2956, 12640, 0, 9230]
[2957, 12640, 0, 9230]
[2958, 12640, 0, 9189]
[2959, 12640, 0, 9230]
[2960, 12640, 0, 9189]
[2961, 12640, 0, 9230]
[2962, 12640, 0, 9189]
[2963, 12640, 0, 9189]
[2964, 12640, 0, 9230]
[2965, 12640, 0, 9189]
[2966, 12640, 0, 9230]
[2967, 12640, 0, 9189]
[2968, 12640, 0, 9230]
[2969, 12640, 0, 9189]
[2970, 12640, 0, 9189]
[2971, 12640, 0, 9230]
[2972, 12640, 0, 9189]
[2973, 12640, 0, 9230]
[2974, 12640, 0, 9189]
[2975, 12640, 0, 9230]
[2976, 12640, 0, 9189]
[2977, 12640, 0, 9189]
[2978, 12640, 0, 9230]
[2979, 12640, 0, 9230]
[2980, 12640, 0, 9189]
[2981, 12640, 0, 9189]
[2982, 12640, 0, 9230]
[2983, 12640, 0, 9189]
[2984, 12640, 0, 9230]
[2985, 12640, 0, 9189]
[2986, 12640, 0, 9230]
[2987, 12640, 0, 9229]
[2988, 12640, 0, 9189]
[2989, 12640, 0, 9230]
[2990, 12640, 0, 9229]
[2991, 12640, 0, 9230]
[2992, 12640, 0, 9189]
[2993, 12640, 0, 9230]
[2994, 12640, 0, 9189]
[2995, 12640, 0, 9230]
[2996, 12640, 0, 9230]
[2997, 12640, 0, 9190]
[2998, 12640, 0, 9230]
[2999, 12640, 0, 9189]
[3000, 12640, 0, 9230]
[3001, 12640, 0, 9189]
[3002, 12640, 0, 9230]
[3003, 12640, 0, 9189]
[3004, 12640, 0, 9189]
[3005, 12640, 0, 9230]
[3006, 12640, 0, 9189]
[3007, 12640, 0, 9230]
[3008, 12640, 0, 9189]
[3009, 12640, 0, 9189]
[3010, 12640, 0, 9230]
[3011, 12640, 0, 9230]
[3012, 12640, 0, 9230]
[3013, 12640, 0, 9230]
[3014, 12640, 0, 9230]
[3015, 12640, 0, 9230]
[3016, 12640, 0, 9190]
[3017, 12640, 0, 9190]
[3018, 12640, 0, 9190]
[3019, 12640, 0, 9190]
[3020, 12640, 0, 9190]
[3021, 12640, 0, 9190]
[3022, 12640, 0, 9190]
[3023, 12640, 0, 9190]
[3024, 12640, 0, 9190]
[3025, 12640, 0, 9190]
[3026, 12640, 0, 9230]
[3027, 12640, 0, 9230]
[3028, 12640, 0, 9230]
[3029, 12640, 0, 9230]
[3030, 12640, 0, 9230]
[3031, 12640, 0, 9230]
[3032, 12640, 0, 9394]
[3033, 12640, 0, 9394]
[3034, 12640, 0, 9394]
[3035, 12640, 0, 9394]
[3036, 12640, 0, 9394]
[3037, 12640, 0, 9394]
[3038, 12640, 0, 9394]
[3039, 12640, 0, 9394]
[3040, 12640, 0, 9394]
[3041, 12640, 0, 9393]
[3042, 12640, 0, 9353]
[3043, 12640, 0, 9353]
[3044, 12640, 0, 9353]
[3045, 12640, 0, 2953]
[3046, 12640, 0, 2953]
[3047, 12640, 0, 2953]
[3048, 12640, 0, 2953]
[3049, 12640, 0, 2789]
[3050, 12640, 0, 4389]
[3051, 12640, 0, 4389]
[3052, 12640, 0, 4389]
[3052, 12640, 0, 4389]
[3052, 12640, 0, 8410]
[3053, 12640, 0, 8410]
[3054, 12640, 0, 8410]
[3055, 12640, 0, 8574]
[3056, 12640, 0, 8574]
[3057, 12640, 0, 8574]
[3058, 12640, 0, 8574]
[3059, 12640, 0, 8573]
[3060, 12640, 0, 8573]
[3061, 12640, 0, 8573]
[3062, 12640, 0, 8573]
[3063, 12640, 0, 8573]
[3064, 12640, 0, 9373]
[3065, 12640, 0, 9373]
[3066, 12640, 0, 9333]
[3067, 12640, 0, 9333]
[3068, 12640, 0, 9334]
[3069, 12640, 0, 9334]
[3070, 12640, 0, 9374]
[3071, 12640, 0, 9374]
[3072, 12640, 0, 9374]
[3073, 12640, 0, 9374]
[3074, 12640, 0, 9374]
[3075, 12640, 0, 9374]
[3076, 12640, 0, 9334]
[3077, 12640, 0, 9334]
[3078, 12640, 0, 9334]
[3079, 12640, 0, 9334]
[3080, 12640, 0, 9334]
[3081, 12640, 0, 9334]
[3082, 12640, 0, 9334]
[3083, 12640, 0, 9334]
[3084, 12640, 0, 9334]
[3085, 12640, 0, 9334]
[3086, 12640, 0, 9334]
[3087, 12640, 0, 9334]
[3088, 12640, 0, 2934]
[3089, 12640, 0, 2934]
[3090, 12640, 0, 2934]
[3091, 12640, 0, 2934]
[3092, 12640, 0, 2934]
[3093, 12640, 0, 2934]
[3094, 12640, 0, 2934]
[3095, 12640, 0, 2934]
[3096, 12640, 0, 2934]
[3097, 12640, 0, 2934]
[3098, 12640, 0, 2934]
[3099, 12640, 0, 2954]
[3100, 12640, 0, 2994]
[3101, 12640, 0, 2953]
[3102, 12640, 0, 2953]
[3103, 12640, 0, 2953]
[3104, 12640, 0, 2953]
[3105, 12640, 0, 2789]
[3106, 12640, 0, 2789]
[3107, 12640, 0, 2789]
[3108, 12640, 0, 2789]
[3109, 12640, 0, 2789]
[3110, 12640, 0, 2789]
[3110, 12640, 0, 8410]
[3111, 12640, 0, 8410]
[3112, 12640, 0, 8410]
[3113, 12640, 0, 8574]
[3114, 12640, 0, 8574]
[3115, 12640, 0, 8574]
[3116, 12640, 0, 8574]
[3117, 12640, 0, 8574]
[3118, 12640, 0, 8574]
[3119, 12640, 0, 8573]
[3120, 12640, 0, 8573]
[3121, 12640, 0, 8573]
[3122, 12640, 0, 9373]
[3123, 12640, 0, 9373]
[3124, 12640, 0, 9333]
[3125, 12640, 0, 9334]
[3126, 12640, 0, 9334]
[3127, 12640, 0, 9334]
[3128, 12640, 0, 9334]
[3129, 12640, 0, 9334]
[3130, 12640, 0, 9334]
[3131, 12640, 0, 9374]
[3132, 12640, 0, 9334]
[3133, 12640, 0, 9374]
[3134, 12640, 0, 9374]
[3135, 12640, 0, 9374]
[3136, 12640, 0, 9374]
[3137, 12640, 0, 9374]
[3138, 12640, 0, 9334]
[3139, 12640, 0, 9334]
[3140, 12640, 0, 9334]
[3141, 12640, 0, 9334]
[3142, 12640, 0, 9334]
[3143, 12640, 0, 9334]
[3144, 12640, 0, 9334]
[3145, 12640, 0, 2934]
[3146, 12640, 0, 2934]
[3147, 12640, 0, 2934]
[3148, 12640, 0, 2934]
[3149, 12640, 0, 2934]
[3150, 12640, 0, 2934]
[3151, 12640, 0, 2934]
[3152, 12640, 0, 2934]
[3153, 12640, 0, 2934]
[3154, 12640, 0, 2934]
[3155, 12640, 0, 2934]
[3156, 12640, 0, 2954]
[3157, 12640, 0, 2954]
[3158, 12640, 0, 2953]
[3159, 12640, 0, 2953]
[3160, 12640, 0, 2953]
[3161, 12640, 0, 2953]
[3162, 12640, 0, 2789]
[3163, 12640, 0, 2789]
[3164, 12640, 0, 2789]
[3165, 12640, 0, 2789]
[3166, 12640, 0, 2789]
[3167, 12640, 0, 2789]
[3167, 12640, 0, 8410]
[3168, 12640, 0, 8410]
[3169, 12640, 0, 8410]
[3170, 12640, 0, 8574]
[3171, 12640, 0, 8574]
[3172, 12640, 0, 8574]
[3173, 12640, 0, 8574]
[3174, 12640, 0, 8574]
[3175, 12640, 0, 8573]
[3176, 12640, 0, 8573]
[3177, 12640, 0, 8573]
[3178, 12640, 0, 9373]
[3179, 12640, 0, 9373]
[3180, 12640, 0, 9333]
[3181, 12640, 0, 9333]
[3182, 12640, 0, 9333]
[3183, 12640, 0, 9334]
[3184, 12640, 0, 9334]
[3185, 12640, 0, 9334]
[3186, 12640, 0, 9334]
[3187, 12640, 0, 9374]
[3188, 12640, 0, 9374]
[3189, 12640, 0, 9374]
[3190, 12640, 0, 9374]
[3191, 12640, 0, 9374]
[3192, 12640, 0, 9374]
[3193, 12640, 0, 9374]
[3194, 12640, 0, 9374]
[3195, 12640, 0, 9374]
[3196, 12640, 0, 9374]
[3197, 12640, 0, 9374]
[3198, 12640, 0, 9374]
[3199, 12640, 0, 9334]
[3200, 12640, 0, 9334]
[3201, 12640, 0, 9334]
[3202, 12640, 0, 9334]
[3203, 12640, 0, 2934]
[3204, 12640, 0, 2934]
[3205, 12640, 0, 2934]
[3206, 12640, 0, 2934]
[3207, 12640, 0, 2933]
[3208, 12640, 0, 2933]
[3209, 12640, 0, 2933]
[3210, 12640, 0, 2933]
[3211, 12640, 0, 2933]
[3212, 12640, 0, 2933]
[3213, 12640, 0, 2953]
[3214, 12640, 0, 2953]
[3215, 12640, 0, 2953]
[3216, 12640, 0, 2789]
[3217, 12640, 0, 2789]
[3218, 12640, 0, 2789]
[3219, 12640, 0, 2789]
[3220, 12640, 0, 2789]
[3221, 12640, 0, 2789]
[3222, 12640, 0, 2789]
[3222, 12640, 0, 8430]
[3223, 12640, 0, 8410]
[3224, 12640, 0, 8410]
[3225, 12640, 0, 8574]
[3226, 12640, 0, 8574]
[3227, 12640, 0, 8574]
[3228, 12640, 0, 8574]
[3229, 12640, 0, 8574]
[3230, 12640, 0, 8574]
[3231, 12640, 0, 8574]
[3232, 12640, 0, 8574]
[3233, 12640, 0, 9374]
[3234, 12640, 0, 9374]
[3235, 12640, 0, 9334]
[3236, 12640, 0, 9334]
[3237, 12640, 0, 9334]
[3238, 12640, 0, 9334]
[3239, 12640, 0, 9334]
[3240, 12640, 0, 9334]
[3241, 12640, 0, 9374]
[3242, 12640, 0, 9374]
[3243, 12640, 0, 9374]
[3244, 12640, 0, 9374]
[3245, 12640, 0, 9374]
[3246, 12640, 0, 9374]
[3247, 12640, 0, 9374]
[3248, 12640, 0, 9374]
[3249, 12640, 0, 9374]
[3250, 12640, 0, 9374]
[3251, 12640, 0, 9334]
[3252, 12640, 0, 9334]
[3253, 12640, 0, 9334]
[3254, 12640, 0, 9334]
[3255, 12640, 0, 2934]
[3256, 12640, 0, 2934]
[3257, 12640, 0, 2934]
[3258, 12640, 0, 2934]
[3259, 12640, 0, 2934]
[3260, 12640, 0, 2933]
[3261, 12640, 0, 2933]
