[0, 9230, 0, 9189]
[0, 9190, 0, 9189]
[0, 9190, 0, 9189]
[0, 9190, 0, 9354]
[0, 9190, 0, 9354]
[0, 9190, 0, 9354]
[0, 9190, 0, 9354]
[0, 9189, 0, 9354]
[0, 9189, 0, 9353]
[0, 9189, 0, 9353]
[0, 9189, 0, 9353]
[0, 9189, 0, 9353]
[0, 9189, 0, 9353]
[0, 9189, 0, 9353]
[0, 9189, 0, 9353]
[0, 9189, 0, 9353]
[0, 9189, 0, 9353]
[0, 9189, 0, 9353]
[0, 9189, 0, 9353]
[0, 9189, 0, 9353]
[0, 9189, 0, 9353]
[0, 9189, 0, 9353]
[0, 9354, 0, 9353]
[0, 9354, 0, 9353]
[0, 9354, 0, 9353]
[0, 9354, 0, 9353]
[0, 9354, 0, 9353]
[0, 9353, 0, 9353]
[0, 9353, 0, 9354]
[0, 9353, 0, 9354]
[0, 9353, 0, 9354]
[0, 9353, 0, 9354]
[0, 9353, 0, 9354]
[0, 9353, 0, 9354]
[0, 9353, 0, 9354]
[0, 9353, 0, 9354]
[0, 9353, 0, 9354]
[0, 9353, 0, 9354]
[0, 9353, 0, 9354]
[0, 9353, 0, 9354]
[0, 9353, 0, 9354]
[0, 9353, 0, 9354]
[0, 9353, 0, 9354]
[0, 9353, 0, 9354]
[0, 9353, 0, 9354]
[0, 9353, 0, 9354]
[0, 9353, 0, 9354]
[0, 9354, 0, 9354]
[0, 9354, 0, 9354]
[0, 9354, 0, 9354]
[0, 9354, 0, 9354]
[0, 9354, 0, 9354]
[0, 9354, 0, 9354]
[0, 9354, 0, 9354]
[0, 9354, 0, 9354]
[0, 9354, 0, 9354]
[0, 9354, 0, 9354]
[0, 9354, 0, 9354]
[0, 9354, 0, 9354]
[0, 9354, 0, 9354]
[0, 9354, 0, 9354]
[0, 9354, 0, 9354]
[0, 9354, 0, 9354]
[0, 9354, 0, 9354]
[0, 9354, 0, 9354]
[0, 9354, 0, 9354]
[0, 9354, 0, 9354]
[0, 9354, 0, 9354]
[0, 9354, 0, 9354]
[0, 9354, 0, 9354]
[0, 9354, 0, 9354]
[0, 9354, 0, 9354]
[0, 9354, 0, 9354]
[0, 9354, 0, 9354]
[0, 9354, 0, 9354]
[0, 9354, 0, 9354]
[0, 9354, 0, 9354]
[0, 9354, 0, 9354]
[0, 9354, 0, 9354]
[0, 9354, 0, 9354]
[0, 9354, 0, 9354]
[0, 9354, 0, 9354]
[0, 9354, 0, 9354]
[0, 9354, 0, 9354]
[0, 9354, 0, 9354]
[0, 9354, 0, 9354]
[0, 9354, 0, 9354]
[0, 9354, 0, 9354]
[0, 9354, 0, 9354]
[0, 9354, 0, 9354]
[0, 9354, 0, 9354]
[0, 9354, 0, 9354]
[0, 9354, 0, 9354]
[0, 9354, 0, 9354]
[0, 9354, 0, 9354]
[0, 9354, 0, 9354]
[0, 9354, 0, 9354]
[0, 9354, 0, 9354]
[0, 9354, 0, 9354]
[0, 9354, 0, 9354]
